   0.00000000      -4.37196923E-06  -99.9999924      -500.000000       0.00000000    
   4.99999989E-03  -4.37196923E-06  -99.9999924      -499.500000      -3.30577620E-07
   9.99999978E-03  -4.37196923E-06  -99.9999924      -499.000000      -1.32186949E-06
   1.49999997E-02  -4.37196923E-06  -99.9999924      -498.500000      -2.97321458E-06
   1.99999996E-02  -4.37196923E-06  -99.9999924      -498.000000      -5.28395094E-06
   2.49999985E-02  -4.37196923E-06  -99.9999924      -497.500000      -8.25341613E-06
   2.99999993E-02  -4.37196923E-06  -99.9999924      -497.000000      -1.18809530E-05
   3.50000001E-02  -4.37196923E-06  -99.9999924      -496.500000      -1.61658954E-05
   3.99999991E-02  -4.37196923E-06  -99.9999924      -496.000000      -2.11075840E-05
   4.49999981E-02  -4.37196923E-06  -99.9999924      -495.500000      -2.67053565E-05
   4.99999970E-02  -4.37196923E-06  -99.9999924      -495.000000      -3.29585491E-05
   5.49999997E-02  -4.37196923E-06  -99.9999924      -494.500000      -3.98665143E-05
   5.99999987E-02  -4.37196923E-06  -99.9999924      -494.000000      -4.74285735E-05
   6.49999976E-02  -4.37196923E-06  -99.9999924      -493.500000      -5.56440718E-05
   7.00000003E-02  -4.37196923E-06  -99.9999924      -493.000000      -6.45123509E-05
   7.49999955E-02  -4.37196923E-06  -99.9999924      -492.500000      -7.40327305E-05
   7.99999982E-02  -4.37196923E-06  -99.9999924      -492.000000      -8.42045847E-05
   8.50000009E-02  -4.37196923E-06  -99.9999924      -491.500000      -9.50272370E-05
   8.99999961E-02  -4.37196923E-06  -99.9999924      -491.000000      -1.06499996E-04
   9.49999988E-02  -4.37196923E-06  -99.9999924      -490.500000      -1.18622258E-04
   9.99999940E-02  -4.37196923E-06  -99.9999924      -490.000000      -1.31393288E-04
  0.104999997      -4.37196923E-06  -99.9999924      -489.500000      -1.44812497E-04
  0.109999999      -4.37196923E-06  -99.9999924      -489.000000      -1.58879193E-04
  0.114999995      -4.37196923E-06  -99.9999924      -488.500000      -1.73592693E-04
  0.119999997      -4.37196923E-06  -99.9999924      -488.000000      -1.88952399E-04
  0.125000000      -4.37196923E-06  -99.9999924      -487.500000      -2.04957571E-04
  0.129999995      -4.37196923E-06  -99.9999924      -487.000000      -2.21607595E-04
  0.134999990      -4.37196923E-06  -99.9999924      -486.500000      -2.38901761E-04
  0.140000001      -4.37196923E-06  -99.9999924      -486.000000      -2.56839528E-04
  0.144999996      -4.37196923E-06  -99.9999924      -485.500000      -2.75420083E-04
  0.149999991      -4.37196923E-06  -99.9999924      -485.000000      -2.94642843E-04
  0.155000001      -4.37196923E-06  -99.9999924      -484.500000      -3.14507197E-04
  0.159999996      -4.37196923E-06  -99.9999924      -484.000000      -3.35012359E-04
  0.164999992      -4.37196923E-06  -99.9999924      -483.500000      -3.56157718E-04
  0.170000002      -4.37196923E-06  -99.9999924      -483.000000      -3.77942721E-04
  0.174999997      -4.37196923E-06  -99.9999924      -482.500000      -4.00366524E-04
  0.179999992      -4.37196923E-06  -99.9999924      -482.000000      -4.23428573E-04
  0.185000002      -4.37196923E-06  -99.9999924      -481.500000      -4.47128230E-04
  0.189999998      -4.37196923E-06  -99.9999924      -481.000000      -4.71464766E-04
  0.194999993      -4.37196923E-06  -99.9999924      -480.500000      -4.96437482E-04
  0.199999988      -4.37196923E-06  -99.9999924      -480.000000      -5.22045826E-04
  0.204999998      -4.37196923E-06  -99.9999924      -479.500000      -5.48289157E-04
  0.209999993      -4.37196923E-06  -99.9999924      -479.000000      -5.75166661E-04
  0.214999989      -4.37196923E-06  -99.9999924      -478.500000      -6.02677814E-04
  0.219999999      -4.37196923E-06  -99.9999924      -478.000000      -6.30821916E-04
  0.224999994      -4.37196923E-06  -99.9999924      -477.500000      -6.59598212E-04
  0.229999989      -4.37196923E-06  -99.9999924      -477.000000      -6.89006120E-04
  0.234999999      -4.37196923E-06  -99.9999924      -476.500000      -7.19045114E-04
  0.239999995      -4.37196923E-06  -99.9999924      -476.000000      -7.49714323E-04
  0.244999990      -4.37196923E-06  -99.9999924      -475.500000      -7.81013106E-04
  0.250000000      -4.37196923E-06  -99.9999924      -475.000000      -8.12940940E-04
  0.254999995      -4.37196923E-06  -99.9999924      -474.500000      -8.45497008E-04
  0.259999990      -4.37196923E-06  -99.9999924      -474.000000      -8.78680788E-04
  0.264999986      -4.37196923E-06  -99.9999924      -473.500000      -9.12491465E-04
  0.269999981      -4.37196923E-06  -99.9999924      -473.000000      -9.46928514E-04
  0.275000006      -4.37196923E-06  -99.9999924      -472.500000      -9.81991412E-04
  0.280000001      -4.37196923E-06  -99.9999924      -472.000000      -1.01767911E-03
  0.284999996      -4.37196923E-06  -99.9999924      -471.500000      -1.05399115E-03
  0.289999992      -4.37196923E-06  -99.9999924      -471.000000      -1.09092682E-03
  0.294999987      -4.37196923E-06  -99.9999924      -470.500000      -1.12848554E-03
  0.299999982      -4.37196923E-06  -99.9999924      -470.000000      -1.16666663E-03
  0.305000007      -4.37196923E-06  -99.9999924      -469.500031      -1.20546960E-03
  0.310000002      -4.37196923E-06  -99.9999924      -469.000031      -1.24489341E-03
  0.314999998      -4.37196923E-06  -99.9999924      -468.500031      -1.28493761E-03
  0.319999993      -4.37196923E-06  -99.9999924      -468.000031      -1.32560148E-03
  0.324999988      -4.37196923E-06  -99.9999924      -467.500031      -1.36688433E-03
  0.329999983      -4.37196923E-06  -99.9999924      -467.000031      -1.40878570E-03
  0.334999979      -4.37196923E-06  -99.9999924      -466.500031      -1.45130476E-03
  0.340000004      -4.37196923E-06  -99.9999924      -466.000031      -1.49444107E-03
  0.344999999      -4.37196923E-06  -99.9999924      -465.500031      -1.53819355E-03
  0.349999994      -4.37196923E-06  -99.9999924      -465.000031      -1.58256176E-03
  0.354999989      -4.37196923E-06  -99.9999924      -464.500031      -1.62754511E-03
  0.359999985      -4.37196923E-06  -99.9999924      -464.000031      -1.67314289E-03
  0.364999980      -4.37196923E-06  -99.9999924      -463.500031      -1.71935419E-03
  0.370000005      -4.37196923E-06  -99.9999924      -463.000031      -1.76617922E-03
  0.375000000      -4.37196923E-06  -99.9999924      -462.500031      -1.81361614E-03
  0.379999995      -4.37196923E-06  -99.9999924      -462.000031      -1.86166505E-03
  0.384999990      -4.37196923E-06  -99.9999924      -461.500031      -1.91032491E-03
  0.389999986      -4.37196923E-06  -99.9999924      -461.000031      -1.95959513E-03
  0.394999981      -4.37196923E-06  -99.9999924      -460.500031      -2.00947514E-03
  0.399999976      -4.37196923E-06  -99.9999924      -460.000031      -2.05996446E-03
  0.405000001      -4.37196923E-06  -99.9999924      -459.500031      -2.11106241E-03
  0.409999996      -4.37196923E-06  -99.9999924      -459.000031      -2.16276804E-03
  0.414999992      -4.37196923E-06  -99.9999924      -458.500031      -2.21508089E-03
  0.419999987      -4.37196923E-06  -99.9999924      -458.000031      -2.26799981E-03
  0.424999982      -4.37196923E-06  -99.9999924      -457.500031      -2.32152501E-03
  0.429999977      -4.37196923E-06  -99.9999924      -457.000031      -2.37565511E-03
  0.435000002      -4.37196923E-06  -99.9999924      -456.500031      -2.43039010E-03
  0.439999998      -4.37196923E-06  -99.9999924      -456.000031      -2.48572859E-03
  0.444999993      -4.37196923E-06  -99.9999924      -455.500031      -2.54167011E-03
  0.449999988      -4.37196923E-06  -99.9999924      -455.000031      -2.59821443E-03
  0.454999983      -4.37196923E-06  -99.9999924      -454.500031      -2.65536038E-03
  0.459999979      -4.37196923E-06  -99.9999924      -454.000031      -2.71310750E-03
  0.465000004      -4.37196923E-06  -99.9999924      -453.500031      -2.77145533E-03
  0.469999999      -4.37196923E-06  -99.9999924      -453.000031      -2.83040316E-03
  0.474999994      -4.37196923E-06  -99.9999924      -452.500031      -2.88994983E-03
  0.479999989      -4.37196923E-06  -99.9999924      -452.000031      -2.95009534E-03
  0.484999985      -4.37196923E-06  -99.9999924      -451.500031      -3.01083853E-03
  0.489999980      -4.37196923E-06  -99.9999924      -451.000031      -3.07217892E-03
  0.494999975      -4.37196923E-06  -99.9999924      -450.500031      -3.13411583E-03
  0.500000000      -4.37196923E-06  -99.9999924      -450.000031      -3.19664925E-03
  0.504999995      -4.37196923E-06  -99.9999924      -449.500031      -3.25977732E-03
  0.509999990      -4.37196923E-06  -99.9999924      -449.000031      -3.32349981E-03
  0.514999986      -4.37196923E-06  -99.9999924      -448.500031      -3.38781672E-03
  0.519999981      -4.37196923E-06  -99.9999924      -448.000031      -3.45272664E-03
  0.524999976      -4.37196923E-06  -99.9999924      -447.500031      -3.51822888E-03
  0.529999971      -4.37196923E-06  -99.9999924      -447.000031      -3.58432345E-03
  0.534999967      -4.37196923E-06  -99.9999924      -446.500031      -3.65100917E-03
  0.539999962      -4.37196923E-06  -99.9999924      -446.000031      -3.71828536E-03
  0.545000017      -4.37196923E-06  -99.9999924      -445.500031      -3.78615246E-03
  0.550000012      -4.37196923E-06  -99.9999924      -445.000031      -3.85460793E-03
  0.555000007      -4.37196923E-06  -99.9999924      -444.500031      -3.92365176E-03
  0.560000002      -4.37196923E-06  -99.9999924      -444.000031      -3.99328442E-03
  0.564999998      -4.37196923E-06  -99.9999924      -443.500031      -4.06350335E-03
  0.569999993      -4.37196923E-06  -99.9999924      -443.000031      -4.13430948E-03
  0.574999988      -4.37196923E-06  -99.9999924      -442.500031      -4.20570187E-03
  0.579999983      -4.37196923E-06  -99.9999924      -442.000031      -4.27767914E-03
  0.584999979      -4.37196923E-06  -99.9999924      -441.500031      -4.35024081E-03
  0.589999974      -4.37196923E-06  -99.9999924      -441.000031      -4.42338735E-03
  0.594999969      -4.37196923E-06  -99.9999924      -440.500031      -4.49711643E-03
  0.599999964      -4.37196923E-06  -99.9999924      -440.000061      -4.57142852E-03
  0.604999959      -4.37196923E-06  -99.9999924      -439.500061      -4.64632222E-03
  0.610000014      -4.37196923E-06  -99.9999924      -439.000061      -4.72179847E-03
  0.615000010      -4.37196923E-06  -99.9999924      -438.500061      -4.79785446E-03
  0.620000005      -4.37196923E-06  -99.9999924      -438.000061      -4.87449067E-03
  0.625000000      -4.37196923E-06  -99.9999924      -437.500061      -4.95170616E-03
  0.629999995      -4.37196923E-06  -99.9999924      -437.000061      -5.02950046E-03
  0.634999990      -4.37196923E-06  -99.9999924      -436.500061      -5.10787219E-03
  0.639999986      -4.37196923E-06  -99.9999924      -436.000061      -5.18682180E-03
  0.644999981      -4.37196923E-06  -99.9999924      -435.500061      -5.26634837E-03
  0.649999976      -4.37196923E-06  -99.9999924      -435.000061      -5.34645049E-03
  0.654999971      -4.37196923E-06  -99.9999924      -434.500061      -5.42712817E-03
  0.659999967      -4.37196923E-06  -99.9999924      -434.000061      -5.50838094E-03
  0.664999962      -4.37196923E-06  -99.9999924      -433.500061      -5.59020694E-03
  0.669999957      -4.37196923E-06  -99.9999924      -433.000061      -5.67260757E-03
  0.675000012      -4.37196923E-06  -99.9999924      -432.500061      -5.75558096E-03
  0.680000007      -4.37196923E-06  -99.9999924      -432.000061      -5.83912572E-03
  0.685000002      -4.37196923E-06  -99.9999924      -431.500061      -5.92324184E-03
  0.689999998      -4.37196923E-06  -99.9999924      -431.000061      -6.00792887E-03
  0.694999993      -4.37196923E-06  -99.9999924      -430.500061      -6.09318586E-03
  0.699999988      -4.37196923E-06  -99.9999924      -430.000061      -6.17901236E-03
  0.704999983      -4.37196923E-06  -99.9999924      -429.500061      -6.26540789E-03
  0.709999979      -4.37196923E-06  -99.9999924      -429.000061      -6.35237107E-03
  0.714999974      -4.37196923E-06  -99.9999924      -428.500061      -6.43990235E-03
  0.719999969      -4.37196923E-06  -99.9999924      -428.000061      -6.52799988E-03
  0.724999964      -4.37196923E-06  -99.9999924      -427.500061      -6.61666319E-03
  0.729999959      -4.37196923E-06  -99.9999924      -427.000061      -6.70589274E-03
  0.734999955      -4.37196923E-06  -99.9999924      -426.500061      -6.79568714E-03
  0.740000010      -4.37196923E-06  -99.9999924      -426.000061      -6.88604638E-03
  0.745000005      -4.37196923E-06  -99.9999924      -425.500061      -6.97696768E-03
  0.750000000      -4.37196923E-06  -99.9999924      -425.000061      -7.06845289E-03
  0.754999995      -4.37196923E-06  -99.9999924      -424.500061      -7.16049923E-03
  0.759999990      -4.37196923E-06  -99.9999924      -424.000061      -7.25310808E-03
  0.764999986      -4.37196923E-06  -99.9999924      -423.500061      -7.34627713E-03
  0.769999981      -4.37196923E-06  -99.9999924      -423.000061      -7.44000636E-03
  0.774999976      -4.37196923E-06  -99.9999924      -422.500061      -7.53429579E-03
  0.779999971      -4.37196923E-06  -99.9999924      -422.000061      -7.62914261E-03
  0.784999967      -4.37196923E-06  -99.9999924      -421.500061      -7.72454869E-03
  0.789999962      -4.37196923E-06  -99.9999924      -421.000061      -7.82051124E-03
  0.794999957      -4.37196923E-06  -99.9999924      -420.500061      -7.91703258E-03
  0.799999952      -4.37196923E-06  -99.9999924      -420.000061      -8.01410899E-03
  0.805000007      -4.37196923E-06  -99.9999924      -419.500061      -8.11174233E-03
  0.810000002      -4.37196923E-06  -99.9999924      -419.000061      -8.20992887E-03
  0.814999998      -4.37196923E-06  -99.9999924      -418.500061      -8.30866955E-03
  0.819999993      -4.37196923E-06  -99.9999924      -418.000061      -8.40796437E-03
  0.824999988      -4.37196923E-06  -99.9999924      -417.500061      -8.50781240E-03
  0.829999983      -4.37196923E-06  -99.9999924      -417.000061      -8.60821269E-03
  0.834999979      -4.37196923E-06  -99.9999924      -416.500061      -8.70916434E-03
  0.839999974      -4.37196923E-06  -99.9999924      -416.000061      -8.81066639E-03
  0.844999969      -4.37196923E-06  -99.9999924      -415.500061      -8.91271979E-03
  0.849999964      -4.37196923E-06  -99.9999924      -415.000061      -9.01532173E-03
  0.854999959      -4.37196923E-06  -99.9999924      -414.500061      -9.11847223E-03
  0.859999955      -4.37196923E-06  -99.9999924      -414.000061      -9.22217313E-03
  0.865000010      -4.37196923E-06  -99.9999924      -413.500061      -9.32642166E-03
  0.870000005      -4.37196923E-06  -99.9999924      -413.000061      -9.43121500E-03
  0.875000000      -4.37196923E-06  -99.9999924      -412.500061      -9.53655504E-03
  0.879999995      -4.37196923E-06  -99.9999924      -412.000061      -9.64244176E-03
  0.884999990      -4.37196923E-06  -99.9999924      -411.500061      -9.74887237E-03
  0.889999986      -4.37196923E-06  -99.9999924      -411.000061      -9.85584687E-03
  0.894999981      -4.37196923E-06  -99.9999924      -410.500061      -9.96336713E-03
  0.899999976      -4.37196923E-06  -99.9999924      -410.000061      -1.00714285E-02
  0.904999971      -4.37196923E-06  -99.9999924      -409.500061      -1.01800328E-02
  0.909999967      -4.37196923E-06  -99.9999924      -409.000061      -1.02891792E-02
  0.914999962      -4.37196923E-06  -99.9999924      -408.500061      -1.03988657E-02
  0.919999957      -4.37196923E-06  -99.9999924      -408.000061      -1.05090933E-02
  0.924999952      -4.37196923E-06  -99.9999924      -407.500061      -1.06198601E-02
  0.930000007      -4.37196923E-06  -99.9999924      -407.000061      -1.07311672E-02
  0.935000002      -4.37196923E-06  -99.9999924      -406.500061      -1.08430116E-02
  0.939999998      -4.37196923E-06  -99.9999924      -406.000061      -1.09553933E-02
  0.944999993      -4.37196923E-06  -99.9999924      -405.500061      -1.10683134E-02
  0.949999988      -4.37196923E-06  -99.9999924      -405.000061      -1.11817680E-02
  0.954999983      -4.37196923E-06  -99.9999924      -404.500092      -1.12957591E-02
  0.959999979      -4.37196923E-06  -99.9999924      -404.000092      -1.14102867E-02
  0.964999974      -4.37196923E-06  -99.9999924      -403.500092      -1.15253460E-02
  0.969999969      -4.37196923E-06  -99.9999924      -403.000092      -1.16409408E-02
  0.974999964      -4.37196923E-06  -99.9999924      -402.500092      -1.17570683E-02
  0.979999959      -4.37196923E-06  -99.9999924      -402.000092      -1.18737286E-02
  0.984999955      -4.37196923E-06  -99.9999924      -401.500092      -1.19909197E-02
  0.989999950      -4.37196923E-06  -99.9999924      -401.000092      -1.21086426E-02
  0.995000005      -4.37196923E-06  -99.9999924      -400.500092      -1.22268964E-02
   1.00000000      -4.37196923E-06  -99.9999924      -400.000092      -1.23456800E-02
   1.00500000      -4.37196923E-06  -99.9999924      -399.500061      -1.24649927E-02
   1.00999999      -4.37196923E-06  -99.9999924      -399.000092      -1.25848325E-02
   1.01499999      -4.37196923E-06  -99.9999924      -398.500092      -1.27052004E-02
   1.01999998      -4.37196923E-06  -99.9999924      -398.000092      -1.28260944E-02
   1.02499998      -4.37196923E-06  -99.9999924      -397.500092      -1.29475174E-02
   1.02999997      -4.37196923E-06  -99.9999924      -397.000092      -1.30694648E-02
   1.03499997      -4.37196923E-06  -99.9999924      -396.500092      -1.31919375E-02
   1.03999996      -4.37196923E-06  -99.9999924      -396.000092      -1.33149354E-02
   1.04499996      -4.37196923E-06  -99.9999924      -395.500092      -1.34384558E-02
   1.04999995      -4.37196923E-06  -99.9999924      -395.000092      -1.35624995E-02
   1.05499995      -4.37196923E-06  -99.9999924      -394.500092      -1.36870649E-02
   1.05999994      -4.37196923E-06  -99.9999924      -394.000092      -1.38121545E-02
   1.06499994      -4.37196923E-06  -99.9999924      -393.500092      -1.39377639E-02
   1.06999993      -4.37196923E-06  -99.9999924      -393.000092      -1.40638938E-02
   1.07499993      -4.37196923E-06  -99.9999924      -392.500092      -1.41905444E-02
   1.07999992      -4.37196923E-06  -99.9999924      -392.000092      -1.43177127E-02
   1.08499992      -4.37196923E-06  -99.9999924      -391.500092      -1.44454008E-02
   1.09000003      -4.37196923E-06  -99.9999924      -391.000092      -1.45736095E-02
   1.09500003      -4.37196923E-06  -99.9999924      -390.500092      -1.47023313E-02
   1.10000002      -4.37196923E-06  -99.9999924      -390.000092      -1.48315709E-02
   1.10500002      -4.37196923E-06  -99.9999924      -389.500092      -1.49613246E-02
   1.11000001      -4.37196923E-06  -99.9999924      -389.000092      -1.50915962E-02
   1.11500001      -4.37196923E-06  -99.9999924      -388.500092      -1.52223809E-02
   1.12000000      -4.37196923E-06  -99.9999924      -388.000092      -1.53536806E-02
   1.12500000      -4.37196923E-06  -99.9999924      -387.500092      -1.54854925E-02
   1.13000000      -4.37196923E-06  -99.9999924      -387.000092      -1.56178148E-02
   1.13499999      -4.37196923E-06  -99.9999924      -386.500092      -1.57506540E-02
   1.13999999      -4.37196923E-06  -99.9999924      -386.000092      -1.58840008E-02
   1.14499998      -4.37196923E-06  -99.9999924      -385.500092      -1.60178579E-02
   1.14999998      -4.37196923E-06  -99.9999924      -385.000092      -1.61522273E-02
   1.15499997      -4.37196923E-06  -99.9999924      -384.500092      -1.62871052E-02
   1.15999997      -4.37196923E-06  -99.9999924      -384.000092      -1.64224897E-02
   1.16499996      -4.37196923E-06  -99.9999924      -383.500092      -1.65583845E-02
   1.16999996      -4.37196923E-06  -99.9999924      -383.000092      -1.66947842E-02
   1.17499995      -4.37196923E-06  -99.9999924      -382.500092      -1.68316942E-02
   1.17999995      -4.37196923E-06  -99.9999924      -382.000092      -1.69691071E-02
   1.18499994      -4.37196923E-06  -99.9999924      -381.500092      -1.71070248E-02
   1.18999994      -4.37196923E-06  -99.9999924      -381.000092      -1.72454491E-02
   1.19499993      -4.37196923E-06  -99.9999924      -380.500092      -1.73843782E-02
   1.19999993      -4.37196923E-06  -99.9999924      -380.000092      -1.75238084E-02
   1.20499992      -4.37196923E-06  -99.9999924      -379.500092      -1.76637415E-02
   1.20999992      -4.37196923E-06  -99.9999924      -379.000092      -1.78041775E-02
   1.21499991      -4.37196923E-06  -99.9999924      -378.500092      -1.79451145E-02
   1.22000003      -4.37196923E-06  -99.9999924      -378.000092      -1.80865563E-02
   1.22500002      -4.37196923E-06  -99.9999924      -377.500092      -1.82284936E-02
   1.23000002      -4.37196923E-06  -99.9999924      -377.000092      -1.83709301E-02
   1.23500001      -4.37196923E-06  -99.9999924      -376.500122      -1.85138658E-02
   1.24000001      -4.37196923E-06  -99.9999924      -376.000122      -1.86573006E-02
   1.24500000      -4.37196923E-06  -99.9999924      -375.500122      -1.88012291E-02
   1.25000000      -4.37196923E-06  -99.9999924      -375.000122      -1.89456586E-02
   1.25500000      -4.37196923E-06  -99.9999924      -374.500122      -1.90905817E-02
   1.25999999      -4.37196923E-06  -99.9999924      -374.000122      -1.92360021E-02
   1.26499999      -4.37196923E-06  -99.9999924      -373.500122      -1.93819162E-02
   1.26999998      -4.37196923E-06  -99.9999924      -373.000122      -1.95283219E-02
   1.27499998      -4.37196923E-06  -99.9999924      -372.500122      -1.96752232E-02
   1.27999997      -4.37196923E-06  -99.9999924      -372.000122      -1.98226180E-02
   1.28499997      -4.37196923E-06  -99.9999924      -371.500122      -1.99705027E-02
   1.28999996      -4.37196923E-06  -99.9999924      -371.000122      -2.01188810E-02
   1.29499996      -4.37196923E-06  -99.9999924      -370.500122      -2.02677473E-02
   1.29999995      -4.37196923E-06  -99.9999924      -370.000122      -2.04171073E-02
   1.30499995      -4.37196923E-06  -99.9999924      -369.500122      -2.05669552E-02
   1.30999994      -4.37196923E-06  -99.9999924      -369.000122      -2.07172912E-02
   1.31499994      -4.37196923E-06  -99.9999924      -368.500122      -2.08681151E-02
   1.31999993      -4.37196923E-06  -99.9999924      -368.000122      -2.10194290E-02
   1.32499993      -4.37196923E-06  -99.9999924      -367.500122      -2.11712252E-02
   1.32999992      -4.37196923E-06  -99.9999924      -367.000122      -2.13235095E-02
   1.33499992      -4.37196923E-06  -99.9999924      -366.500122      -2.14762799E-02
   1.33999991      -4.37196923E-06  -99.9999924      -366.000122      -2.16295384E-02
   1.34500003      -4.37196923E-06  -99.9999924      -365.500122      -2.17832793E-02
   1.35000002      -4.37196923E-06  -99.9999924      -365.000122      -2.19375025E-02
   1.35500002      -4.37196923E-06  -99.9999924      -364.500122      -2.20922064E-02
   1.36000001      -4.37196923E-06  -99.9999924      -364.000122      -2.22473964E-02
   1.36500001      -4.37196923E-06  -99.9999924      -363.500122      -2.24030651E-02
   1.37000000      -4.37196923E-06  -99.9999924      -363.000122      -2.25592125E-02
   1.37500000      -4.37196923E-06  -99.9999924      -362.500122      -2.27158442E-02
   1.38000000      -4.37196923E-06  -99.9999924      -362.000122      -2.28729546E-02
   1.38499999      -4.37196923E-06  -99.9999924      -361.500122      -2.30305418E-02
   1.38999999      -4.37196923E-06  -99.9999924      -361.000122      -2.31886078E-02
   1.39499998      -4.37196923E-06  -99.9999924      -360.500122      -2.33471524E-02
   1.39999998      -4.37196923E-06  -99.9999924      -360.000122      -2.35061739E-02
   1.40499997      -4.37196923E-06  -99.9999924      -359.500122      -2.36656703E-02
   1.40999997      -4.37196923E-06  -99.9999924      -359.000122      -2.38256436E-02
   1.41499996      -4.37196923E-06  -99.9999924      -358.500122      -2.39860900E-02
   1.41999996      -4.37196923E-06  -99.9999924      -358.000122      -2.41470113E-02
   1.42499995      -4.37196923E-06  -99.9999924      -357.500122      -2.43084058E-02
   1.42999995      -4.37196923E-06  -99.9999924      -357.000122      -2.44702753E-02
   1.43499994      -4.37196923E-06  -99.9999924      -356.500122      -2.46326160E-02
   1.43999994      -4.37196923E-06  -99.9999924      -356.000122      -2.47954279E-02
   1.44499993      -4.37196923E-06  -99.9999924      -355.500122      -2.49587111E-02
   1.44999993      -4.37196923E-06  -99.9999924      -355.000122      -2.51224618E-02
   1.45499992      -4.37196923E-06  -99.9999924      -354.500122      -2.52866857E-02
   1.45999992      -4.37196923E-06  -99.9999924      -354.000122      -2.54513770E-02
   1.46499991      -4.37196923E-06  -99.9999924      -353.500122      -2.56165378E-02
   1.46999991      -4.37196923E-06  -99.9999924      -353.000122      -2.57821642E-02
   1.47500002      -4.37196923E-06  -99.9999924      -352.500122      -2.59482637E-02
   1.48000002      -4.37196923E-06  -99.9999924      -352.000122      -2.61148252E-02
   1.48500001      -4.37196923E-06  -99.9999924      -351.500122      -2.62818504E-02
   1.49000001      -4.37196923E-06  -99.9999924      -351.000122      -2.64493395E-02
   1.49500000      -4.37196923E-06  -99.9999924      -350.500122      -2.66172960E-02
   1.50000000      -4.37196923E-06  -99.9999924      -350.000122      -2.67857164E-02
   1.50500000      -4.37196923E-06  -99.9999924      -349.500122      -2.69545969E-02
   1.50999999      -4.37196923E-06  -99.9999924      -349.000122      -2.71239411E-02
   1.51499999      -4.37196923E-06  -99.9999924      -348.500122      -2.72937473E-02
   1.51999998      -4.37196923E-06  -99.9999924      -348.000122      -2.74640173E-02
   1.52499998      -4.37196923E-06  -99.9999924      -347.500122      -2.76347417E-02
   1.52999997      -4.37196923E-06  -99.9999924      -347.000122      -2.78059300E-02
   1.53499997      -4.37196923E-06  -99.9999924      -346.500122      -2.79775765E-02
   1.53999996      -4.37196923E-06  -99.9999924      -346.000122      -2.81496793E-02
   1.54499996      -4.37196923E-06  -99.9999924      -345.500122      -2.83222422E-02
   1.54999995      -4.37196923E-06  -99.9999924      -345.000122      -2.84952633E-02
   1.55499995      -4.37196923E-06  -99.9999924      -344.500122      -2.86687333E-02
   1.55999994      -4.37196923E-06  -99.9999924      -344.000122      -2.88426671E-02
   1.56499994      -4.37196923E-06  -99.9999924      -343.500122      -2.90170517E-02
   1.56999993      -4.37196923E-06  -99.9999924      -343.000122      -2.91918926E-02
   1.57499993      -4.37196923E-06  -99.9999924      -342.500122      -2.93671861E-02
   1.57999992      -4.37196923E-06  -99.9999924      -342.000122      -2.95429304E-02
   1.58499992      -4.37196923E-06  -99.9999924      -341.500122      -2.97191329E-02
   1.58999991      -4.37196923E-06  -99.9999924      -341.000122      -2.98957843E-02
   1.59499991      -4.37196923E-06  -99.9999924      -340.500122      -3.00728846E-02
   1.59999990      -4.37196923E-06  -99.9999924      -340.000122      -3.02504376E-02
   1.60500002      -4.37196923E-06  -99.9999924      -339.500122      -3.04284450E-02
   1.61000001      -4.37196923E-06  -99.9999924      -339.000122      -3.06068957E-02
   1.61500001      -4.37196923E-06  -99.9999924      -338.500122      -3.07857990E-02
   1.62000000      -4.37196923E-06  -99.9999924      -338.000122      -3.09651420E-02
   1.62500000      -4.37196923E-06  -99.9999924      -337.500122      -3.11449375E-02
   1.63000000      -4.37196923E-06  -99.9999924      -337.000122      -3.13251801E-02
   1.63499999      -4.37196923E-06  -99.9999924      -336.500122      -3.15058678E-02
   1.63999999      -4.37196923E-06  -99.9999924      -336.000153      -3.16869989E-02
   1.64499998      -4.37196923E-06  -99.9999924      -335.500153      -3.18685770E-02
   1.64999998      -4.37196923E-06  -99.9999924      -335.000153      -3.20505947E-02
   1.65499997      -4.37196923E-06  -99.9999924      -334.500153      -3.22330594E-02
   1.65999997      -4.37196923E-06  -99.9999924      -334.000153      -3.24159674E-02
   1.66499996      -4.37196923E-06  -99.9999924      -333.500153      -3.25993150E-02
   1.66999996      -4.37196923E-06  -99.9999924      -333.000153      -3.27831022E-02
   1.67499995      -4.37196923E-06  -99.9999924      -332.500153      -3.29673290E-02
   1.67999995      -4.37196923E-06  -99.9999924      -332.000153      -3.31519991E-02
   1.68499994      -4.37196923E-06  -99.9999924      -331.500153      -3.33371051E-02
   1.68999994      -4.37196923E-06  -99.9999924      -331.000153      -3.35226543E-02
   1.69499993      -4.37196923E-06  -99.9999924      -330.500153      -3.37086394E-02
   1.69999993      -4.37196923E-06  -99.9999924      -330.000153      -3.38950604E-02
   1.70499992      -4.37196923E-06  -99.9999924      -329.500153      -3.40819173E-02
   1.70999992      -4.37196923E-06  -99.9999924      -329.000153      -3.42692100E-02
   1.71499991      -4.37196923E-06  -99.9999924      -328.500153      -3.44569422E-02
   1.71999991      -4.37196923E-06  -99.9999924      -328.000153      -3.46451066E-02
   1.72499990      -4.37196923E-06  -99.9999924      -327.500153      -3.48337032E-02
   1.73000002      -4.37196923E-06  -99.9999924      -327.000153      -3.50227430E-02
   1.73500001      -4.37196923E-06  -99.9999924      -326.500153      -3.52122039E-02
   1.74000001      -4.37196923E-06  -99.9999924      -326.000153      -3.54021005E-02
   1.74500000      -4.37196923E-06  -99.9999924      -325.500153      -3.55924219E-02
   1.75000000      -4.37196923E-06  -99.9999924      -325.000153      -3.57831791E-02
   1.75500000      -4.37196923E-06  -99.9999924      -324.500153      -3.59743685E-02
   1.75999999      -4.37196923E-06  -99.9999924      -324.000153      -3.61659862E-02
   1.76499999      -4.37196923E-06  -99.9999924      -323.500153      -3.63580287E-02
   1.76999998      -4.37196923E-06  -99.9999924      -323.000153      -3.65505032E-02
   1.77499998      -4.37196923E-06  -99.9999924      -322.500153      -3.67433988E-02
   1.77999997      -4.37196923E-06  -99.9999924      -322.000153      -3.69367264E-02
   1.78499997      -4.37196923E-06  -99.9999924      -321.500153      -3.71304788E-02
   1.78999996      -4.37196923E-06  -99.9999924      -321.000183      -3.73246595E-02
   1.79499996      -4.37196923E-06  -99.9999924      -320.500183      -3.75192612E-02
   1.79999995      -4.37196923E-06  -99.9999924      -320.000183      -3.77142876E-02
   1.80499995      -4.37196923E-06  -99.9999924      -319.500183      -3.79097313E-02
   1.80999994      -4.37196923E-06  -99.9999924      -319.000183      -3.81056070E-02
   1.81499994      -4.37196923E-06  -99.9999924      -318.500183      -3.83019000E-02
   1.81999993      -4.37196923E-06  -99.9999924      -318.000183      -3.84986177E-02
   1.82499993      -4.37196923E-06  -99.9999924      -317.500183      -3.86957526E-02
   1.82999992      -4.37196923E-06  -99.9999924      -317.000183      -3.88933085E-02
   1.83499992      -4.37196923E-06  -99.9999924      -316.500183      -3.90912816E-02
   1.83999991      -4.37196923E-06  -99.9999924      -316.000183      -3.92896757E-02
   1.84499991      -4.37196923E-06  -99.9999924      -315.500183      -3.94884869E-02
   1.84999990      -4.37196923E-06  -99.9999924      -315.000183      -3.96877192E-02
   1.85499990      -4.37196923E-06  -99.9999924      -314.500183      -3.98873650E-02
   1.86000001      -4.37196923E-06  -99.9999924      -314.000183      -4.00874279E-02
   1.86500001      -4.37196923E-06  -99.9999924      -313.500183      -4.02879082E-02
   1.87000000      -4.37196923E-06  -99.9999924      -313.000183      -4.04888019E-02
   1.87500000      -4.37196923E-06  -99.9999924      -312.500183      -4.06901054E-02
   1.88000000      -4.37196923E-06  -99.9999924      -312.000183      -4.08918262E-02
   1.88499999      -4.37196923E-06  -99.9999924      -311.500183      -4.10939567E-02
   1.88999999      -4.37196923E-06  -99.9999924      -311.000183      -4.12965007E-02
   1.89499998      -4.37196923E-06  -99.9999924      -310.500183      -4.14994545E-02
   1.89999998      -4.37196923E-06  -99.9999924      -310.000183      -4.17028219E-02
   1.90499997      -4.37196923E-06  -99.9999924      -309.500183      -4.19065990E-02
   1.90999997      -4.37196923E-06  -99.9999924      -309.000183      -4.21107821E-02
   1.91499996      -4.37196923E-06  -99.9999924      -308.500183      -4.23153788E-02
   1.91999996      -4.37196923E-06  -99.9999924      -308.000183      -4.25203852E-02
   1.92499995      -4.37196923E-06  -99.9999924      -307.500183      -4.27257903E-02
   1.92999995      -4.37196923E-06  -99.9999924      -307.000183      -4.29316051E-02
   1.93499994      -4.37196923E-06  -99.9999924      -306.500183      -4.31378298E-02
   1.93999994      -4.37196923E-06  -99.9999924      -306.000183      -4.33444604E-02
   1.94499993      -4.37196923E-06  -99.9999924      -305.500183      -4.35514934E-02
   1.94999993      -4.37196923E-06  -99.9999924      -305.000183      -4.37589288E-02
   1.95499992      -4.37196923E-06  -99.9999924      -304.500183      -4.39667664E-02
   1.95999992      -4.37196923E-06  -99.9999924      -304.000183      -4.41750139E-02
   1.96499991      -4.37196923E-06  -99.9999924      -303.500183      -4.43836562E-02
   1.96999991      -4.37196923E-06  -99.9999924      -303.000183      -4.45927009E-02
   1.97499990      -4.37196923E-06  -99.9999924      -302.500183      -4.48021479E-02
   1.97999990      -4.37196923E-06  -99.9999924      -302.000183      -4.50119972E-02
   1.98500001      -4.37196923E-06  -99.9999924      -301.500183      -4.52222489E-02
   1.99000001      -4.37196923E-06  -99.9999924      -301.000183      -4.54328917E-02
   1.99500000      -4.37196923E-06  -99.9999924      -300.500183      -4.56439406E-02
   2.00000000      -4.37196923E-06  -99.9999924      -300.000183      -4.58553806E-02
   2.00499988      -4.37196923E-06  -99.9999924      -299.500183      -4.60672118E-02
   2.00999999      -4.37196923E-06  -99.9999924      -299.000153      -4.62794565E-02
   2.01499987      -4.37196923E-06  -99.9999924      -298.500153      -4.64920774E-02
   2.01999998      -4.37196923E-06  -99.9999924      -298.000122      -4.67051119E-02
   2.02499986      -4.37196923E-06  -99.9999924      -297.500122      -4.69185263E-02
   2.02999997      -4.37196923E-06  -99.9999924      -297.000122      -4.71323393E-02
   2.03499985      -4.37196923E-06  -99.9999924      -296.500122      -4.73465398E-02
   2.03999996      -4.37196923E-06  -99.9999924      -296.000092      -4.75611389E-02
   2.04499984      -4.37196923E-06  -99.9999924      -295.500061      -4.77761291E-02
   2.04999995      -4.37196923E-06  -99.9999924      -295.000061      -4.79915142E-02
   2.05500007      -4.37196923E-06  -99.9999924      -294.500061      -4.82072905E-02
   2.05999994      -4.37196923E-06  -99.9999924      -294.000061      -4.84234430E-02
   2.06500006      -4.37196923E-06  -99.9999924      -293.500031      -4.86399941E-02
   2.06999993      -4.37196923E-06  -99.9999924      -293.000000      -4.88569289E-02
   2.07500005      -4.37196923E-06  -99.9999924      -292.500000      -4.90742549E-02
   2.07999992      -4.37196923E-06  -99.9999924      -292.000000      -4.92919683E-02
   2.08500004      -4.37196923E-06  -99.9999924      -291.500000      -4.95100655E-02
   2.08999991      -4.37196923E-06  -99.9999924      -290.999969      -4.97285463E-02
   2.09500003      -4.37196923E-06  -99.9999924      -290.499969      -4.99474183E-02
   2.09999990      -4.37196923E-06  -99.9999924      -289.999939      -5.01666628E-02
   2.10500002      -4.37196923E-06  -99.9999924      -289.499939      -5.03863059E-02
   2.10999990      -4.37196923E-06  -99.9999924      -288.999939      -5.06063178E-02
   2.11500001      -4.37196923E-06  -99.9999924      -288.499939      -5.08267246E-02
   2.11999989      -4.37196923E-06  -99.9999924      -287.999908      -5.10475039E-02
   2.12500000      -4.37196923E-06  -99.9999924      -287.499878      -5.12686744E-02
   2.12999988      -4.37196923E-06  -99.9999924      -286.999878      -5.14902100E-02
   2.13499999      -4.37196923E-06  -99.9999924      -286.499878      -5.17121442E-02
   2.13999987      -4.37196923E-06  -99.9999924      -285.999878      -5.19344360E-02
   2.14499998      -4.37196923E-06  -99.9999924      -285.499847      -5.21571264E-02
   2.14999986      -4.37196923E-06  -99.9999924      -284.999847      -5.23801781E-02
   2.15499997      -4.37196923E-06  -99.9999924      -284.499817      -5.26036173E-02
   2.15999985      -4.37196923E-06  -99.9999924      -283.999817      -5.28274253E-02
   2.16499996      -4.37196923E-06  -99.9999924      -283.499817      -5.30516207E-02
   2.16999984      -4.37196923E-06  -99.9999924      -282.999817      -5.32761738E-02
   2.17499995      -4.37196923E-06  -99.9999924      -282.499786      -5.35011142E-02
   2.18000007      -4.37196923E-06  -99.9999924      -281.999756      -5.37264310E-02
   2.18499994      -4.37196923E-06  -99.9999924      -281.499756      -5.39521053E-02
   2.19000006      -4.37196923E-06  -99.9999924      -280.999756      -5.41781671E-02
   2.19499993      -4.37196923E-06  -99.9999924      -280.499756      -5.44045903E-02
   2.20000005      -4.37196923E-06  -99.9999924      -279.999725      -5.46313971E-02
   2.20499992      -4.37196923E-06  -99.9999924      -279.499695      -5.48585653E-02
   2.21000004      -4.37196923E-06  -99.9999924      -278.999695      -5.50861023E-02
   2.21499991      -4.37196923E-06  -99.9999924      -278.499695      -5.53140119E-02
   2.22000003      -4.37196923E-06  -99.9999924      -277.999695      -5.55422865E-02
   2.22499990      -4.37196923E-06  -99.9999924      -277.499664      -5.57709299E-02
   2.23000002      -4.37196923E-06  -99.9999924      -276.999664      -5.59999421E-02
   2.23499990      -4.37196923E-06  -99.9999924      -276.499634      -5.62293157E-02
   2.24000001      -4.37196923E-06  -99.9999924      -275.999634      -5.64590655E-02
   2.24499989      -4.37196923E-06  -99.9999924      -275.499634      -5.66891655E-02
   2.25000000      -4.37196923E-06  -99.9999924      -274.999634      -5.69196492E-02
   2.25499988      -4.37196923E-06  -99.9999924      -274.499603      -5.71504757E-02
   2.25999999      -4.37196923E-06  -99.9999924      -273.999573      -5.73816746E-02
   2.26499987      -4.37196923E-06  -99.9999924      -273.499573      -5.76132350E-02
   2.26999998      -4.37196923E-06  -99.9999924      -272.999573      -5.78451678E-02
   2.27499986      -4.37196923E-06  -99.9999924      -272.499573      -5.80774471E-02
   2.27999997      -4.37196923E-06  -99.9999924      -271.999542      -5.83100989E-02
   2.28499985      -4.37196923E-06  -99.9999924      -271.499512      -5.85430972E-02
   2.28999996      -4.37196923E-06  -99.9999924      -270.999512      -5.87764643E-02
   2.29499984      -4.37196923E-06  -99.9999924      -270.499512      -5.90101816E-02
   2.29999995      -4.37196923E-06  -99.9999924      -269.999512      -5.92442751E-02
   2.30500007      -4.37196923E-06  -99.9999924      -269.499481      -5.94787113E-02
   2.30999994      -4.37196923E-06  -99.9999924      -268.999481      -5.97135015E-02
   2.31500006      -4.37196923E-06  -99.9999924      -268.499451      -5.99486567E-02
   2.31999993      -4.37196923E-06  -99.9999924      -267.999451      -6.01841547E-02
   2.32500005      -4.37196923E-06  -99.9999924      -267.499451      -6.04200214E-02
   2.32999992      -4.37196923E-06  -99.9999924      -266.999451      -6.06562309E-02
   2.33500004      -4.37196923E-06  -99.9999924      -266.499420      -6.08927980E-02
   2.33999991      -4.37196923E-06  -99.9999924      -265.999390      -6.11297116E-02
   2.34500003      -4.37196923E-06  -99.9999924      -265.499390      -6.13669902E-02
   2.34999990      -4.37196923E-06  -99.9999924      -264.999390      -6.16046079E-02
   2.35500002      -4.37196923E-06  -99.9999924      -264.499390      -6.18425906E-02
   2.35999990      -4.37196923E-06  -99.9999924      -263.999359      -6.20809048E-02
   2.36500001      -4.37196923E-06  -99.9999924      -263.499329      -6.23195767E-02
   2.36999989      -4.37196923E-06  -99.9999924      -262.999329      -6.25585914E-02
   2.37500000      -4.37196923E-06  -99.9999924      -262.499329      -6.27979711E-02
   2.37999988      -4.37196923E-06  -99.9999924      -261.999329      -6.30376786E-02
   2.38499999      -4.37196923E-06  -99.9999924      -261.499298      -6.32777438E-02
   2.38999987      -4.37196923E-06  -99.9999924      -260.999298      -6.35181442E-02
   2.39499998      -4.37196923E-06  -99.9999924      -260.499268      -6.37589097E-02
   2.39999986      -4.37196923E-06  -99.9999924      -259.999268      -6.39999956E-02
   2.40499997      -4.37196923E-06  -99.9999924      -259.499268      -6.42414391E-02
   2.40999985      -4.37196923E-06  -99.9999924      -258.999268      -6.44832253E-02
   2.41499996      -4.37196923E-06  -99.9999924      -258.499237      -6.47253543E-02
   2.41999984      -4.37196923E-06  -99.9999924      -257.999207      -6.49678186E-02
   2.42499995      -4.37196923E-06  -99.9999924      -257.499207      -6.52106330E-02
   2.42999983      -4.37196923E-06  -99.9999924      -256.999207      -6.54537752E-02
   2.43499994      -4.37196923E-06  -99.9999924      -256.499207      -6.56972751E-02
   2.44000006      -4.37196923E-06  -99.9999924      -255.999176      -6.59411177E-02
   2.44499993      -4.37196923E-06  -99.9999924      -255.499161      -6.61852807E-02
   2.45000005      -4.37196923E-06  -99.9999924      -254.999161      -6.64297864E-02
   2.45499992      -4.37196923E-06  -99.9999924      -254.499146      -6.66746274E-02
   2.46000004      -4.37196923E-06  -99.9999924      -253.999130      -6.69198111E-02
   2.46499991      -4.37196923E-06  -99.9999924      -253.499115      -6.71653301E-02
   2.47000003      -4.37196923E-06  -99.9999924      -252.999115      -6.74111843E-02
   2.47499990      -4.37196923E-06  -99.9999924      -252.499100      -6.76573664E-02
   2.48000002      -4.37196923E-06  -99.9999924      -251.999084      -6.79038912E-02
   2.48499990      -4.37196923E-06  -99.9999924      -251.499069      -6.81507438E-02
   2.49000001      -4.37196923E-06  -99.9999924      -250.999069      -6.83979318E-02
   2.49499989      -4.37196923E-06  -99.9999924      -250.499054      -6.86454475E-02
   2.50000000      -4.37196923E-06  -99.9999924      -249.999039      -6.88932985E-02
   2.50499988      -4.37196923E-06  -99.9999924      -249.499023      -6.91414773E-02
   2.50999999      -4.37196923E-06  -99.9999924      -248.999023      -6.93899989E-02
   2.51499987      -4.37196923E-06  -99.9999924      -248.499008      -6.96388260E-02
   2.51999998      -4.37196923E-06  -99.9999924      -247.998993      -6.98880032E-02
   2.52499986      -4.37196923E-06  -99.9999924      -247.498978      -7.01374933E-02
   2.52999997      -4.37196923E-06  -99.9999924      -246.998978      -7.03873262E-02
   2.53499985      -4.37196923E-06  -99.9999924      -246.498962      -7.06374720E-02
   2.53999996      -4.37196923E-06  -99.9999924      -245.998947      -7.08879456E-02
   2.54499984      -4.37196923E-06  -99.9999924      -245.498932      -7.11387470E-02
   2.54999995      -4.37196923E-06  -99.9999924      -244.998932      -7.13898763E-02
   2.55499983      -4.37196923E-06  -99.9999924      -244.498917      -7.16413260E-02
   2.55999994      -4.37196923E-06  -99.9999924      -243.998901      -7.18931109E-02
   2.56500006      -4.37196923E-06  -99.9999924      -243.498901      -7.21452087E-02
   2.56999993      -4.37196923E-06  -99.9999924      -242.998871      -7.23976269E-02
   2.57500005      -4.37196923E-06  -99.9999924      -242.498871      -7.26503730E-02
   2.57999992      -4.37196923E-06  -99.9999924      -241.998871      -7.29034320E-02
   2.58500004      -4.37196923E-06  -99.9999924      -241.498840      -7.31568187E-02
   2.58999991      -4.37196923E-06  -99.9999924      -240.998840      -7.34105036E-02
   2.59500003      -4.37196923E-06  -99.9999924      -240.498810      -7.36645386E-02
   2.59999990      -4.37196923E-06  -99.9999924      -239.998810      -7.39188716E-02
   2.60500002      -4.37196923E-06  -99.9999924      -239.498810      -7.41735324E-02
   2.60999990      -4.37196923E-06  -99.9999924      -238.998779      -7.44284987E-02
   2.61500001      -4.37196923E-06  -99.9999924      -238.498779      -7.46837929E-02
   2.61999989      -4.37196923E-06  -99.9999924      -237.998779      -7.49393851E-02
   2.62500000      -4.37196923E-06  -99.9999924      -237.498749      -7.51953125E-02
   2.62999988      -4.37196923E-06  -99.9999924      -236.998749      -7.54515454E-02
   2.63499999      -4.37196923E-06  -99.9999924      -236.498749      -7.57080987E-02
   2.63999987      -4.37196923E-06  -99.9999924      -235.998718      -7.59649500E-02
   2.64499998      -4.37196923E-06  -99.9999924      -235.498718      -7.62221292E-02
   2.64999986      -4.37196923E-06  -99.9999924      -234.998688      -7.64795989E-02
   2.65499997      -4.37196923E-06  -99.9999924      -234.498688      -7.67374039E-02
   2.65999985      -4.37196923E-06  -99.9999924      -233.998688      -7.69954994E-02
   2.66499996      -4.37196923E-06  -99.9999924      -233.498657      -7.72539228E-02
   2.66999984      -4.37196923E-06  -99.9999924      -232.998657      -7.75126368E-02
   2.67499995      -4.37196923E-06  -99.9999924      -232.498657      -7.77716711E-02
   2.67999983      -4.37196923E-06  -99.9999924      -231.998627      -7.80310109E-02
   2.68499994      -4.37196923E-06  -99.9999924      -231.498627      -7.82906637E-02
   2.69000006      -4.37196923E-06  -99.9999924      -230.998596      -7.85506144E-02
   2.69499993      -4.37196923E-06  -99.9999924      -230.498596      -7.88108706E-02
   2.70000005      -4.37196923E-06  -99.9999924      -229.998596      -7.90714324E-02
   2.70499992      -4.37196923E-06  -99.9999924      -229.498566      -7.93322921E-02
   2.71000004      -4.37196923E-06  -99.9999924      -228.998566      -7.95934647E-02
   2.71499991      -4.37196923E-06  -99.9999924      -228.498566      -7.98549354E-02
   2.72000003      -4.37196923E-06  -99.9999924      -227.998535      -8.01167190E-02
   2.72499990      -4.37196923E-06  -99.9999924      -227.498535      -8.03787932E-02
   2.73000002      -4.37196923E-06  -99.9999924      -226.998505      -8.06411728E-02
   2.73499990      -4.37196923E-06  -99.9999924      -226.498505      -8.09038430E-02
   2.74000001      -4.37196923E-06  -99.9999924      -225.998505      -8.11668262E-02
   2.74499989      -4.37196923E-06  -99.9999924      -225.498474      -8.14300925E-02
   2.75000000      -4.37196923E-06  -99.9999924      -224.998474      -8.16936791E-02
   2.75499988      -4.37196923E-06  -99.9999924      -224.498474      -8.19575414E-02
   2.75999999      -4.37196923E-06  -99.9999924      -223.998444      -8.22217166E-02
   2.76499987      -4.37196923E-06  -99.9999924      -223.498444      -8.24861750E-02
   2.76999998      -4.37196923E-06  -99.9999924      -222.998413      -8.27509388E-02
   2.77499986      -4.37196923E-06  -99.9999924      -222.498413      -8.30159932E-02
   2.77999997      -4.37196923E-06  -99.9999924      -221.998413      -8.32813531E-02
   2.78499985      -4.37196923E-06  -99.9999924      -221.498383      -8.35469812E-02
   2.78999996      -4.37196923E-06  -99.9999924      -220.998383      -8.38129297E-02
   2.79499984      -4.37196923E-06  -99.9999924      -220.498383      -8.40791538E-02
   2.79999995      -4.37196923E-06  -99.9999924      -219.998352      -8.43456835E-02
   2.80499983      -4.37196923E-06  -99.9999924      -219.498352      -8.46124887E-02
   2.80999994      -4.37196923E-06  -99.9999924      -218.998322      -8.48795921E-02
   2.81499982      -4.37196923E-06  -99.9999924      -218.498322      -8.51469785E-02
   2.81999993      -4.37196923E-06  -99.9999924      -217.998322      -8.54146704E-02
   2.82500005      -4.37196923E-06  -99.9999924      -217.498291      -8.56826454E-02
   2.82999992      -4.37196923E-06  -99.9999924      -216.998291      -8.59508961E-02
   2.83500004      -4.37196923E-06  -99.9999924      -216.498291      -8.62194449E-02
   2.83999991      -4.37196923E-06  -99.9999924      -215.998260      -8.64882618E-02
   2.84500003      -4.37196923E-06  -99.9999924      -215.498260      -8.67573917E-02
   2.84999990      -4.37196923E-06  -99.9999924      -214.998230      -8.70267823E-02
   2.85500002      -4.37196923E-06  -99.9999924      -214.498230      -8.72964710E-02
   2.85999990      -4.37196923E-06  -99.9999924      -213.998230      -8.75664428E-02
   2.86500001      -4.37196923E-06  -99.9999924      -213.498199      -8.78366977E-02
   2.86999989      -4.37196923E-06  -99.9999924      -212.998199      -8.81072283E-02
   2.87500000      -4.37196923E-06  -99.9999924      -212.498199      -8.83780494E-02
   2.87999988      -4.37196923E-06  -99.9999924      -211.998169      -8.86491388E-02
   2.88499999      -4.37196923E-06  -99.9999924      -211.498169      -8.89205262E-02
   2.88999987      -4.37196923E-06  -99.9999924      -210.998138      -8.91921818E-02
   2.89499998      -4.37196923E-06  -99.9999924      -210.498138      -8.94641280E-02
   2.89999986      -4.37196923E-06  -99.9999924      -209.998138      -8.97363201E-02
   2.90499997      -4.37196923E-06  -99.9999924      -209.498108      -9.00088251E-02
   2.90999985      -4.37196923E-06  -99.9999924      -208.998108      -9.02815908E-02
   2.91499996      -4.37196923E-06  -99.9999924      -208.498108      -9.05546397E-02
   2.91999984      -4.37196923E-06  -99.9999924      -207.998077      -9.08279568E-02
   2.92499995      -4.37196923E-06  -99.9999924      -207.498077      -9.11015645E-02
   2.92999983      -4.37196923E-06  -99.9999924      -206.998047      -9.13754255E-02
   2.93499994      -4.37196923E-06  -99.9999924      -206.498047      -9.16495845E-02
   2.93999982      -4.37196923E-06  -99.9999924      -205.998047      -9.19239968E-02
   2.94499993      -4.37196923E-06  -99.9999924      -205.498016      -9.21986923E-02
   2.95000005      -4.37196923E-06  -99.9999924      -204.998016      -9.24736634E-02
   2.95499992      -4.37196923E-06  -99.9999924      -204.498016      -9.27488878E-02
   2.96000004      -4.37196923E-06  -99.9999924      -203.997986      -9.30244029E-02
   2.96499991      -4.37196923E-06  -99.9999924      -203.497986      -9.33001712E-02
   2.97000003      -4.37196923E-06  -99.9999924      -202.997955      -9.35762227E-02
   2.97499990      -4.37196923E-06  -99.9999924      -202.497955      -9.38525200E-02
   2.98000002      -4.37196923E-06  -99.9999924      -201.997955      -9.41291079E-02
   2.98499990      -4.37196923E-06  -99.9999924      -201.497925      -9.44059491E-02
   2.99000001      -4.37196923E-06  -99.9999924      -200.997925      -9.46830735E-02
   2.99499989      -4.37196923E-06  -99.9999924      -200.497925      -9.49604511E-02
   3.00000000      -4.37196923E-06  -99.9999924      -199.997894      -9.52381045E-02
   3.00499988      -4.37196923E-06  -99.9999924      -199.497894      -9.55160037E-02
   3.00999999      -4.37196923E-06  -99.9999924      -198.997864      -9.57941860E-02
   3.01499987      -4.37196923E-06  -99.9999924      -198.497864      -9.60726142E-02
   3.01999998      -4.37196923E-06  -99.9999924      -197.997864      -9.63513106E-02
   3.02499986      -4.37196923E-06  -99.9999924      -197.497833      -9.66302752E-02
   3.02999997      -4.37196923E-06  -99.9999924      -196.997833      -9.69095007E-02
   3.03499985      -4.37196923E-06  -99.9999924      -196.497833      -9.71889719E-02
   3.03999996      -4.37196923E-06  -99.9999924      -195.997803      -9.74687338E-02
   3.04499984      -4.37196923E-06  -99.9999924      -195.497803      -9.77487266E-02
   3.04999995      -4.37196923E-06  -99.9999924      -194.997772      -9.80289951E-02
   3.05499983      -4.37196923E-06  -99.9999924      -194.497772      -9.83095095E-02
   3.05999994      -4.37196923E-06  -99.9999924      -193.997772      -9.85902920E-02
   3.06499982      -4.37196923E-06  -99.9999924      -193.497742      -9.88713130E-02
   3.06999993      -4.37196923E-06  -99.9999924      -192.997742      -9.91526097E-02
   3.07500005      -4.37196923E-06  -99.9999924      -192.497742      -9.94341597E-02
   3.07999992      -4.37196923E-06  -99.9999924      -191.997711      -9.97159556E-02
   3.08500004      -4.37196923E-06  -99.9999924      -191.497711      -9.99980122E-02
   3.08999991      -4.37196923E-06  -99.9999924      -190.997681     -0.100280315    
   3.09500003      -4.37196923E-06  -99.9999924      -190.497681     -0.100562871    
   3.09999990      -4.37196923E-06  -99.9999924      -189.997681     -0.100845687    
   3.10500002      -4.37196923E-06  -99.9999924      -189.497650     -0.101128757    
   3.10999990      -4.37196923E-06  -99.9999924      -188.997650     -0.101412043    
   3.11500001      -4.37196923E-06  -99.9999924      -188.497650     -0.101695620    
   3.11999989      -4.37196923E-06  -99.9999924      -187.997620     -0.101979427    
   3.12500000      -4.37196923E-06  -99.9999924      -187.497620     -0.102263503    
   3.12999988      -4.37196923E-06  -99.9999924      -186.997620     -0.102547795    
   3.13499999      -4.37196923E-06  -99.9999924      -186.497589     -0.102832362    
   3.13999987      -4.37196923E-06  -99.9999924      -185.997589     -0.103117153    
   3.14499998      -4.37196923E-06  -99.9999924      -185.497559     -0.103402212    
   3.14999986      -4.37196923E-06  -99.9999924      -184.997559     -0.103687495    
   3.15499997      -4.37196923E-06  -99.9999924      -184.497559     -0.103973046    
   3.15999985      -4.37196923E-06  -99.9999924      -183.997528     -0.104258806    
   3.16499996      -4.37196923E-06  -99.9999924      -183.497528     -0.104544848    
   3.16999984      -4.37196923E-06  -99.9999924      -182.997528     -0.104831114    
   3.17499995      -4.37196923E-06  -99.9999924      -182.497498     -0.105117619    
   3.17999983      -4.37196923E-06  -99.9999924      -181.997498     -0.105404377    
   3.18499994      -4.37196923E-06  -99.9999924      -181.497467     -0.105691373    
   3.18999982      -4.37196923E-06  -99.9999924      -180.997467     -0.105978593    
   3.19499993      -4.37196923E-06  -99.9999924      -180.497467     -0.106266089    
   3.19999981      -4.37196923E-06  -99.9999924      -179.997437     -0.106553778    
   3.20499992      -4.37196923E-06  -99.9999924      -179.497437     -0.106841743    
   3.21000004      -4.37196923E-06  -99.9999924      -178.997437     -0.107129931    
   3.21499991      -4.37196923E-06  -99.9999924      -178.497406     -0.107418351    
   3.22000003      -4.37196923E-06  -99.9999924      -177.997406     -0.107707016    
   3.22499990      -4.37196923E-06  -99.9999924      -177.497375     -0.107995912    
   3.23000002      -4.37196923E-06  -99.9999924      -176.997375     -0.108285047    
   3.23499990      -4.37196923E-06  -99.9999924      -176.497375     -0.108574398    
   3.24000001      -4.37196923E-06  -99.9999924      -175.997345     -0.108863994    
   3.24499989      -4.37196923E-06  -99.9999924      -175.497345     -0.109153822    
   3.25000000      -4.37196923E-06  -99.9999924      -174.997345     -0.109443896    
   3.25499988      -4.37196923E-06  -99.9999924      -174.497314     -0.109734178    
   3.25999999      -4.37196923E-06  -99.9999924      -173.997314     -0.110024713    
   3.26499987      -4.37196923E-06  -99.9999924      -173.497284     -0.110315457    
   3.26999998      -4.37196923E-06  -99.9999924      -172.997284     -0.110606454    
   3.27499986      -4.37196923E-06  -99.9999924      -172.497284     -0.110897660    
   3.27999997      -4.37196923E-06  -99.9999924      -171.997253     -0.111189105    
   3.28499985      -4.37196923E-06  -99.9999924      -171.497253     -0.111480758    
   3.28999996      -4.37196923E-06  -99.9999924      -170.997253     -0.111772671    
   3.29499984      -4.37196923E-06  -99.9999924      -170.497223     -0.112064801    
   3.29999995      -4.37196923E-06  -99.9999924      -169.997223     -0.112357140    
   3.30499983      -4.37196923E-06  -99.9999924      -169.497192     -0.112649724    
   3.30999994      -4.37196923E-06  -99.9999924      -168.997192     -0.112942509    
   3.31499982      -4.37196923E-06  -99.9999924      -168.497192     -0.113235526    
   3.31999993      -4.37196923E-06  -99.9999924      -167.997162     -0.113528781    
   3.32499981      -4.37196923E-06  -99.9999924      -167.497162     -0.113822237    
   3.32999992      -4.37196923E-06  -99.9999924      -166.997162     -0.114115939    
   3.33500004      -4.37196923E-06  -99.9999924      -166.497131     -0.114409842    
   3.33999991      -4.37196923E-06  -99.9999924      -165.997131     -0.114703968    
   3.34500003      -4.37196923E-06  -99.9999924      -165.497101     -0.114998311    
   3.34999990      -4.37196923E-06  -99.9999924      -164.997101     -0.115292862    
   3.35500002      -4.37196923E-06  -99.9999924      -164.497101     -0.115587667    
   3.35999990      -4.37196923E-06  -99.9999924      -163.997070     -0.115882665    
   3.36500001      -4.37196923E-06  -99.9999924      -163.497070     -0.116177887    
   3.36999989      -4.37196923E-06  -99.9999924      -162.997070     -0.116473317    
   3.37500000      -4.37196923E-06  -99.9999924      -162.497040     -0.116768971    
   3.37999988      -4.37196923E-06  -99.9999924      -161.997040     -0.117064834    
   3.38499999      -4.37196923E-06  -99.9999924      -161.497009     -0.117360935    
   3.38999987      -4.37196923E-06  -99.9999924      -160.997009     -0.117657214    
   3.39499998      -4.37196923E-06  -99.9999924      -160.497009     -0.117953718    
   3.39999986      -4.37196923E-06  -99.9999924      -159.996979     -0.118250445    
   3.40499997      -4.37196923E-06  -99.9999924      -159.496979     -0.118547380    
   3.40999985      -4.37196923E-06  -99.9999924      -158.996979     -0.118844494    
   3.41499996      -4.37196923E-06  -99.9999924      -158.496948     -0.119141877    
   3.41999984      -4.37196923E-06  -99.9999924      -157.996948     -0.119439416    
   3.42499995      -4.37196923E-06  -99.9999924      -157.496918     -0.119737200    
   3.42999983      -4.37196923E-06  -99.9999924      -156.996918     -0.120035172    
   3.43499994      -4.37196923E-06  -99.9999924      -156.496918     -0.120333359    
   3.43999982      -4.37196923E-06  -99.9999924      -155.996887     -0.120631754    
   3.44499993      -4.37196923E-06  -99.9999924      -155.496887     -0.120930359    
   3.44999981      -4.37196923E-06  -99.9999924      -154.996887     -0.121229157    
   3.45499992      -4.37196923E-06  -99.9999924      -154.496857     -0.121528178    
   3.46000004      -4.37196923E-06  -99.9999924      -153.996857     -0.121827409    
   3.46499991      -4.37196923E-06  -99.9999924      -153.496826     -0.122126818    
   3.47000003      -4.37196923E-06  -99.9999924      -152.996826     -0.122426450    
   3.47499990      -4.37196923E-06  -99.9999924      -152.496826     -0.122726262    
   3.48000002      -4.37196923E-06  -99.9999924      -151.996796     -0.123026296    
   3.48499990      -4.37196923E-06  -99.9999924      -151.496796     -0.123326518    
   3.49000001      -4.37196923E-06  -99.9999924      -150.996796     -0.123626947    
   3.49499989      -4.37196923E-06  -99.9999924      -150.496765     -0.123927556    
   3.50000000      -4.37196923E-06  -99.9999924      -149.996765     -0.124228403    
   3.50499988      -4.37196923E-06  -99.9999924      -149.496735     -0.124529414    
   3.50999999      -4.37196923E-06  -99.9999924      -148.996735     -0.124830656    
   3.51499987      -4.37196923E-06  -99.9999924      -148.496735     -0.125132054    
   3.51999998      -4.37196923E-06  -99.9999924      -147.996704     -0.125433683    
   3.52499986      -4.37196923E-06  -99.9999924      -147.496704     -0.125735492    
   3.52999997      -4.37196923E-06  -99.9999924      -146.996704     -0.126037508    
   3.53499985      -4.37196923E-06  -99.9999924      -146.496674     -0.126339704    
   3.53999996      -4.37196923E-06  -99.9999924      -145.996674     -0.126642108    
   3.54499984      -4.37196923E-06  -99.9999924      -145.496643     -0.126944676    
   3.54999995      -4.37196923E-06  -99.9999924      -144.996643     -0.127247468    
   3.55499983      -4.37196923E-06  -99.9999924      -144.496643     -0.127550423    
   3.55999994      -4.37196923E-06  -99.9999924      -143.996613     -0.127853602    
   3.56499982      -4.37196923E-06  -99.9999924      -143.496613     -0.128156945    
   3.56999993      -4.37196923E-06  -99.9999924      -142.996613     -0.128460497    
   3.57499981      -4.37196923E-06  -99.9999924      -142.496582     -0.128764227    
   3.57999992      -4.37196923E-06  -99.9999924      -141.996582     -0.129068166    
   3.58500004      -4.37196923E-06  -99.9999924      -141.496552     -0.129372284    
   3.58999991      -4.37196923E-06  -99.9999924      -140.996552     -0.129676580    
   3.59500003      -4.37196923E-06  -99.9999924      -140.496552     -0.129981041    
   3.59999990      -4.37196923E-06  -99.9999924      -139.996521     -0.130285725    
   3.60500002      -4.37196923E-06  -99.9999924      -139.496521     -0.130590573    
   3.60999990      -4.37196923E-06  -99.9999924      -138.996521     -0.130895600    
   3.61500001      -4.37196923E-06  -99.9999924      -138.496490     -0.131200835    
   3.61999989      -4.37196923E-06  -99.9999924      -137.996490     -0.131506234    
   3.62500000      -4.37196923E-06  -99.9999924      -137.496490     -0.131811827    
   3.62999988      -4.37196923E-06  -99.9999924      -136.996460     -0.132117599    
   3.63499999      -4.37196923E-06  -99.9999924      -136.496460     -0.132423550    
   3.63999987      -4.37196923E-06  -99.9999924      -135.996429     -0.132729679    
   3.64499998      -4.37196923E-06  -99.9999924      -135.496429     -0.133035988    
   3.64999986      -4.37196923E-06  -99.9999924      -134.996429     -0.133342475    
   3.65499997      -4.37196923E-06  -99.9999924      -134.496399     -0.133649155    
   3.65999985      -4.37196923E-06  -99.9999924      -133.996399     -0.133955985    
   3.66499996      -4.37196923E-06  -99.9999924      -133.496399     -0.134263024    
   3.66999984      -4.37196923E-06  -99.9999924      -132.996368     -0.134570211    
   3.67499995      -4.37196923E-06  -99.9999924      -132.496368     -0.134877592    
   3.67999983      -4.37196923E-06  -99.9999924      -131.996338     -0.135185152    
   3.68499994      -4.37196923E-06  -99.9999924      -131.496338     -0.135492891    
   3.68999982      -4.37196923E-06  -99.9999924      -130.996338     -0.135800779    
   3.69499993      -4.37196923E-06  -99.9999924      -130.496307     -0.136108860    
   3.69999981      -4.37196923E-06  -99.9999924      -129.996307     -0.136417106    
   3.70499992      -4.37196923E-06  -99.9999924      -129.496307     -0.136725530    
   3.70999980      -4.37196923E-06  -99.9999924      -128.996277     -0.137034103    
   3.71499991      -4.37196923E-06  -99.9999924      -128.496277     -0.137342885    
   3.72000003      -4.37196923E-06  -99.9999924      -127.996246     -0.137651801    
   3.72499990      -4.37196923E-06  -99.9999924      -127.496246     -0.137960911    
   3.73000002      -4.37196923E-06  -99.9999924      -126.996246     -0.138270184    
   3.73499990      -4.37196923E-06  -99.9999924      -126.496216     -0.138579622    
   3.74000001      -4.37196923E-06  -99.9999924      -125.996216     -0.138889223    
   3.74499989      -4.37196923E-06  -99.9999924      -125.496216     -0.139198989    
   3.75000000      -4.37196923E-06  -99.9999924      -124.996185     -0.139508933    
   3.75499988      -4.37196923E-06  -99.9999924      -124.496185     -0.139819026    
   3.75999999      -4.37196923E-06  -99.9999924      -123.996155     -0.140129298    
   3.76499987      -4.37196923E-06  -99.9999924      -123.496155     -0.140439734    
   3.76999998      -4.37196923E-06  -99.9999924      -122.996155     -0.140750334    
   3.77499986      -4.37196923E-06  -99.9999924      -122.496124     -0.141061082    
   3.77999997      -4.37196923E-06  -99.9999924      -121.996124     -0.141372010    
   3.78499985      -4.37196923E-06  -99.9999924      -121.496124     -0.141683072    
   3.78999996      -4.37196923E-06  -99.9999924      -120.996094     -0.141994327    
   3.79499984      -4.37196923E-06  -99.9999924      -120.496094     -0.142305717    
   3.79999995      -4.37196923E-06  -99.9999924      -119.996063     -0.142617285    
   3.80499983      -4.37196923E-06  -99.9999924      -119.496063     -0.142929003    
   3.80999994      -4.37196923E-06  -99.9999924      -118.996063     -0.143240884    
   3.81499982      -4.37196923E-06  -99.9999924      -118.496033     -0.143552929    
   3.81999993      -4.37196923E-06  -99.9999924      -117.996033     -0.143865108    
   3.82499981      -4.37196923E-06  -99.9999924      -117.496033     -0.144177452    
   3.82999992      -4.37196923E-06  -99.9999924      -116.996002     -0.144489959    
   3.83499980      -4.37196923E-06  -99.9999924      -116.496002     -0.144802615    
   3.83999991      -4.37196923E-06  -99.9999924      -115.995972     -0.145115435    
   3.84500003      -4.37196923E-06  -99.9999924      -115.495972     -0.145428389    
   3.84999990      -4.37196923E-06  -99.9999924      -114.995972     -0.145741507    
   3.85500002      -4.37196923E-06  -99.9999924      -114.495941     -0.146054789    
   3.85999990      -4.37196923E-06  -99.9999924      -113.995941     -0.146368206    
   3.86500001      -4.37196923E-06  -99.9999924      -113.495941     -0.146681786    
   3.86999989      -4.37196923E-06  -99.9999924      -112.995911     -0.146995500    
   3.87500000      -4.37196923E-06  -99.9999924      -112.495911     -0.147309393    
   3.87999988      -4.37196923E-06  -99.9999924      -111.995880     -0.147623390    
   3.88499999      -4.37196923E-06  -99.9999924      -111.495880     -0.147937566    
   3.88999987      -4.37196923E-06  -99.9999924      -110.995880     -0.148251876    
   3.89499998      -4.37196923E-06  -99.9999924      -110.495850     -0.148566350    
   3.89999986      -4.37196923E-06  -99.9999924      -109.995850     -0.148880944    
   3.90499997      -4.37196923E-06  -99.9999924      -109.495850     -0.149195701    
   3.90999985      -4.37196923E-06  -99.9999924      -108.995819     -0.149510607    
   3.91499996      -4.37196923E-06  -99.9999924      -108.495819     -0.149825662    
   3.91999984      -4.37196923E-06  -99.9999924      -107.995789     -0.150140837    
   3.92499995      -4.37196923E-06  -99.9999924      -107.495789     -0.150456175    
   3.92999983      -4.37196923E-06  -99.9999924      -106.995789     -0.150771648    
   3.93499994      -4.37196923E-06  -99.9999924      -106.495758     -0.151087254    
   3.93999982      -4.37196923E-06  -99.9999924      -105.995758     -0.151403010    
   3.94499993      -4.37196923E-06  -99.9999924      -105.495758     -0.151718915    
   3.94999981      -4.37196923E-06  -99.9999924      -104.995728     -0.152034938    
   3.95499992      -4.37196923E-06  -99.9999924      -104.495728     -0.152351111    
   3.95999980      -4.37196923E-06  -99.9999924      -103.995697     -0.152667418    
   3.96499991      -4.37196923E-06  -99.9999924      -103.495697     -0.152983889    
   3.97000003      -4.37196923E-06  -99.9999924      -102.995697     -0.153300464    
   3.97499990      -4.37196923E-06  -99.9999924      -102.495667     -0.153617173    
   3.98000002      -4.37196923E-06  -99.9999924      -101.995667     -0.153934047    
   3.98499990      -4.37196923E-06  -99.9999924      -101.495667     -0.154251039    
   3.99000001      -4.37196923E-06  -99.9999924      -100.995636     -0.154568166    
   3.99499989      -4.37196923E-06  -99.9999924      -100.495636     -0.154885426    
   4.00000000      -4.37196923E-06  -99.9999924      -99.9956360     -0.155202836    
   4.00500011      -4.37196923E-06  -99.9999924      -99.4956360     -0.155520365    
   4.00999975      -4.37196923E-06  -99.9999924      -98.9956360     -0.155837983    
   4.01499987      -4.37196923E-06  -99.9999924      -98.4956055     -0.156155795    
   4.01999998      -4.37196923E-06  -99.9999924      -97.9956055     -0.156473726    
   4.02500010      -4.37196923E-06  -99.9999924      -97.4955750     -0.156791791    
   4.02999973      -4.37196923E-06  -99.9999924      -96.9955750     -0.157109931    
   4.03499985      -4.37196923E-06  -99.9999924      -96.4955750     -0.157428235    
   4.03999996      -4.37196923E-06  -99.9999924      -95.9955444     -0.157746688    
   4.04500008      -4.37196923E-06  -99.9999924      -95.4955444     -0.158065259    
   4.04999971      -4.37196923E-06  -99.9999924      -94.9955444     -0.158383921    
   4.05499983      -4.37196923E-06  -99.9999924      -94.4955139     -0.158702731    
   4.05999994      -4.37196923E-06  -99.9999924      -93.9955139     -0.159021676    
   4.06500006      -4.37196923E-06  -99.9999924      -93.4954834     -0.159340754    
   4.06999969      -4.37196923E-06  -99.9999924      -92.9954834     -0.159659907    
   4.07499981      -4.37196923E-06  -99.9999924      -92.4954834     -0.159979224    
   4.07999992      -4.37196923E-06  -99.9999924      -91.9954529     -0.160298660    
   4.08500004      -4.37196923E-06  -99.9999924      -91.4954529     -0.160618246    
   4.08999968      -4.37196923E-06  -99.9999924      -90.9954529     -0.160937876    
   4.09499979      -4.37196923E-06  -99.9999924      -90.4954224     -0.161257684    
   4.09999990      -4.37196923E-06  -99.9999924      -89.9954224     -0.161577597    
   4.10500002      -4.37196923E-06  -99.9999924      -89.4953918     -0.161897629    
   4.11000013      -4.37196923E-06  -99.9999924      -88.9953918     -0.162217811    
   4.11499977      -4.37196923E-06  -99.9999924      -88.4953918     -0.162538052    
   4.11999989      -4.37196923E-06  -99.9999924      -87.9953613     -0.162858441    
   4.12500000      -4.37196923E-06  -99.9999924      -87.4953613     -0.163178951    
   4.13000011      -4.37196923E-06  -99.9999924      -86.9953613     -0.163499564    
   4.13499975      -4.37196923E-06  -99.9999924      -86.4953308     -0.163820282    
   4.13999987      -4.37196923E-06  -99.9999924      -85.9953308     -0.164141148    
   4.14499998      -4.37196923E-06  -99.9999924      -85.4953003     -0.164462104    
   4.15000010      -4.37196923E-06  -99.9999924      -84.9953003     -0.164783180    
   4.15499973      -4.37196923E-06  -99.9999924      -84.4953003     -0.165104359    
   4.15999985      -4.37196923E-06  -99.9999924      -83.9952698     -0.165425673    
   4.16499996      -4.37196923E-06  -99.9999924      -83.4952698     -0.165747076    
   4.17000008      -4.37196923E-06  -99.9999924      -82.9952698     -0.166068614    
   4.17499971      -4.37196923E-06  -99.9999924      -82.4952393     -0.166390210    
   4.17999983      -4.37196923E-06  -99.9999924      -81.9952393     -0.166711956    
   4.18499994      -4.37196923E-06  -99.9999924      -81.4952087     -0.167033821    
   4.19000006      -4.37196923E-06  -99.9999924      -80.9952087     -0.167355776    
   4.19499969      -4.37196923E-06  -99.9999924      -80.4952087     -0.167677820    
   4.19999981      -4.37196923E-06  -99.9999924      -79.9951782     -0.167999983    
   4.20499992      -4.37196923E-06  -99.9999924      -79.4951782     -0.168322265    
   4.21000004      -4.37196923E-06  -99.9999924      -78.9951782     -0.168644667    
   4.21499968      -4.37196923E-06  -99.9999924      -78.4951477     -0.168967128    
   4.21999979      -4.37196923E-06  -99.9999924      -77.9951477     -0.169289708    
   4.22499990      -4.37196923E-06  -99.9999924      -77.4951172     -0.169612408    
   4.23000002      -4.37196923E-06  -99.9999924      -76.9951172     -0.169935226    
   4.23500013      -4.37196923E-06  -99.9999924      -76.4951172     -0.170258120    
   4.23999977      -4.37196923E-06  -99.9999924      -75.9950867     -0.170581102    
   4.24499989      -4.37196923E-06  -99.9999924      -75.4950867     -0.170904189    
   4.25000000      -4.37196923E-06  -99.9999924      -74.9950867     -0.171227410    
   4.25500011      -4.37196923E-06  -99.9999924      -74.4950562     -0.171550721    
   4.25999975      -4.37196923E-06  -99.9999924      -73.9950562     -0.171874076    
   4.26499987      -4.37196923E-06  -99.9999924      -73.4950256     -0.172197580    
   4.26999998      -4.37196923E-06  -99.9999924      -72.9950256     -0.172521204    
   4.27500010      -4.37196923E-06  -99.9999924      -72.4950256     -0.172844887    
   4.27999973      -4.37196923E-06  -99.9999924      -71.9949951     -0.173168629    
   4.28499985      -4.37196923E-06  -99.9999924      -71.4949951     -0.173492521    
   4.28999996      -4.37196923E-06  -99.9999924      -70.9949951     -0.173816502    
   4.29500008      -4.37196923E-06  -99.9999924      -70.4949646     -0.174140573    
   4.29999971      -4.37196923E-06  -99.9999924      -69.9949646     -0.174464718    
   4.30499983      -4.37196923E-06  -99.9999924      -69.4949341     -0.174788967    
   4.30999994      -4.37196923E-06  -99.9999924      -68.9949341     -0.175113320    
   4.31500006      -4.37196923E-06  -99.9999924      -68.4949341     -0.175437748    
   4.31999969      -4.37196923E-06  -99.9999924      -67.9949036     -0.175762266    
   4.32499981      -4.37196923E-06  -99.9999924      -67.4949036     -0.176086903    
   4.32999992      -4.37196923E-06  -99.9999924      -66.9949036     -0.176411629    
   4.33500004      -4.37196923E-06  -99.9999924      -66.4948730     -0.176736414    
   4.33999968      -4.37196923E-06  -99.9999924      -65.9948730     -0.177061260    
   4.34499979      -4.37196923E-06  -99.9999924      -65.4948425     -0.177386254    
   4.34999990      -4.37196923E-06  -99.9999924      -64.9948425     -0.177711308    
   4.35500002      -4.37196923E-06  -99.9999924      -64.4948425     -0.178036451    
   4.36000013      -4.37196923E-06  -99.9999924      -63.9948120     -0.178361684    
   4.36499977      -4.37196923E-06  -99.9999924      -63.4948120     -0.178686976    
   4.36999989      -4.37196923E-06  -99.9999924      -62.9948120     -0.179012373    
   4.37500000      -4.37196923E-06  -99.9999924      -62.4947815     -0.179337874    
   4.38000011      -4.37196923E-06  -99.9999924      -61.9947815     -0.179663420    
   4.38499975      -4.37196923E-06  -99.9999924      -61.4947510     -0.179989055    
   4.38999987      -4.37196923E-06  -99.9999924      -60.9947510     -0.180314779    
   4.39499998      -4.37196923E-06  -99.9999924      -60.4947510     -0.180640623    
   4.40000010      -4.37196923E-06  -99.9999924      -59.9947205     -0.180966496    
   4.40499973      -4.37196923E-06  -99.9999924      -59.4947205     -0.181292444    
   4.40999985      -4.37196923E-06  -99.9999924      -58.9947205     -0.181618512    
   4.41499996      -4.37196923E-06  -99.9999924      -58.4946899     -0.181944609    
   4.42000008      -4.37196923E-06  -99.9999924      -57.9946899     -0.182270825    
   4.42499971      -4.37196923E-06  -99.9999924      -57.4946594     -0.182597086    
   4.42999983      -4.37196923E-06  -99.9999924      -56.9946594     -0.182923451    
   4.43499994      -4.37196923E-06  -99.9999924      -56.4946594     -0.183249861    
   4.44000006      -4.37196923E-06  -99.9999924      -55.9946289     -0.183576375    
   4.44499969      -4.37196923E-06  -99.9999924      -55.4946289     -0.183902949    
   4.44999981      -4.37196923E-06  -99.9999924      -54.9946289     -0.184229612    
   4.45499992      -4.37196923E-06  -99.9999924      -54.4945984     -0.184556350    
   4.46000004      -4.37196923E-06  -99.9999924      -53.9945984     -0.184883133    
   4.46499968      -4.37196923E-06  -99.9999924      -53.4945679     -0.185209975    
   4.46999979      -4.37196923E-06  -99.9999924      -52.9945679     -0.185536921    
   4.47499990      -4.37196923E-06  -99.9999924      -52.4945679     -0.185863927    
   4.48000002      -4.37196923E-06  -99.9999924      -51.9945374     -0.186191022    
   4.48500013      -4.37196923E-06  -99.9999924      -51.4945374     -0.186518192    
   4.48999977      -4.37196923E-06  -99.9999924      -50.9945374     -0.186845362    
   4.49499989      -4.37196923E-06  -99.9999924      -50.4945068     -0.187172651    
   4.50000000      -4.37196923E-06  -99.9999924      -49.9945068     -0.187500015    
   4.50500011      -4.37196923E-06  -99.9999924      -49.4945068     -0.187827438    
   4.50999975      -4.37196923E-06  -99.9999924      -48.9944763     -0.188154891    
   4.51499987      -4.37196923E-06  -99.9999924      -48.4944763     -0.188482434    
   4.51999998      -4.37196923E-06  -99.9999924      -47.9944458     -0.188810021    
   4.52500010      -4.37196923E-06  -99.9999924      -47.4944458     -0.189137727    
   4.52999973      -4.37196923E-06  -99.9999924      -46.9944458     -0.189465433    
   4.53499985      -4.37196923E-06  -99.9999924      -46.4944153     -0.189793244    
   4.53999996      -4.37196923E-06  -99.9999924      -45.9944153     -0.190121114    
   4.54500008      -4.37196923E-06  -99.9999924      -45.4944153     -0.190449044    
   4.54999971      -4.37196923E-06  -99.9999924      -44.9943848     -0.190777004    
   4.55499983      -4.37196923E-06  -99.9999924      -44.4943848     -0.191105053    
   4.55999994      -4.37196923E-06  -99.9999924      -43.9943542     -0.191433147    
   4.56500006      -4.37196923E-06  -99.9999924      -43.4943542     -0.191761315    
   4.56999969      -4.37196923E-06  -99.9999924      -42.9943542     -0.192089498    
   4.57499981      -4.37196923E-06  -99.9999924      -42.4943237     -0.192417786    
   4.57999992      -4.37196923E-06  -99.9999924      -41.9943237     -0.192746103    
   4.58500004      -4.37196923E-06  -99.9999924      -41.4943237     -0.193074495    
   4.58999968      -4.37196923E-06  -99.9999924      -40.9942932     -0.193402916    
   4.59499979      -4.37196923E-06  -99.9999924      -40.4942932     -0.193731397    
   4.59999990      -4.37196923E-06  -99.9999924      -39.9942627     -0.194059983    
   4.60500002      -4.37196923E-06  -99.9999924      -39.4942627     -0.194388583    
   4.61000013      -4.37196923E-06  -99.9999924      -38.9942627     -0.194717228    
   4.61499977      -4.37196923E-06  -99.9999924      -38.4942322     -0.195045918    
   4.61999989      -4.37196923E-06  -99.9999924      -37.9942322     -0.195374668    
   4.62500000      -4.37196923E-06  -99.9999924      -37.4942322     -0.195703477    
   4.63000011      -4.37196923E-06  -99.9999924      -36.9942017     -0.196032345    
   4.63499975      -4.37196923E-06  -99.9999924      -36.4942017     -0.196361229    
   4.63999987      -4.37196923E-06  -99.9999924      -35.9941711     -0.196690172    
   4.64499998      -4.37196923E-06  -99.9999924      -35.4941711     -0.197019190    
   4.65000010      -4.37196923E-06  -99.9999924      -34.9941711     -0.197348237    
   4.65499973      -4.37196923E-06  -99.9999924      -34.4941406     -0.197677284    
   4.65999985      -4.37196923E-06  -99.9999924      -33.9941406     -0.198006451    
   4.66499996      -4.37196923E-06  -99.9999924      -33.4941406     -0.198335618    
   4.67000008      -4.37196923E-06  -99.9999924      -32.9941101     -0.198664859    
   4.67499971      -4.37196923E-06  -99.9999924      -32.4941101     -0.198994100    
   4.67999983      -4.37196923E-06  -99.9999924      -31.9940796     -0.199323416    
   4.68499994      -4.37196923E-06  -99.9999924      -31.4940796     -0.199652791    
   4.69000006      -4.37196923E-06  -99.9999924      -30.9940796     -0.199982181    
   4.69499969      -4.37196923E-06  -99.9999924      -30.4940491     -0.200311601    
   4.69999981      -4.37196923E-06  -99.9999924      -29.9940491     -0.200641096    
   4.70499992      -4.37196923E-06  -99.9999924      -29.4940491     -0.200970620    
   4.71000004      -4.37196923E-06  -99.9999924      -28.9940186     -0.201300204    
   4.71499968      -4.37196923E-06  -99.9999924      -28.4940186     -0.201629758    
   4.71999979      -4.37196923E-06  -99.9999924      -27.9939880     -0.201959401    
   4.72499990      -4.37196923E-06  -99.9999924      -27.4939880     -0.202289075    
   4.73000002      -4.37196923E-06  -99.9999924      -26.9939880     -0.202618763    
   4.73499966      -4.37196923E-06  -99.9999924      -26.4939575     -0.202948511    
   4.73999977      -4.37196923E-06  -99.9999924      -25.9939575     -0.203278273    
   4.74499989      -4.37196923E-06  -99.9999924      -25.4939575     -0.203608096    
   4.75000000      -4.37196923E-06  -99.9999924      -24.9939270     -0.203937948    
   4.75500011      -4.37196923E-06  -99.9999924      -24.4939270     -0.204267845    
   4.75999975      -4.37196923E-06  -99.9999924      -23.9938965     -0.204597712    
   4.76499987      -4.37196923E-06  -99.9999924      -23.4938965     -0.204927653    
   4.76999998      -4.37196923E-06  -99.9999924      -22.9938965     -0.205257654    
   4.77500010      -4.37196923E-06  -99.9999924      -22.4938660     -0.205587655    
   4.77999973      -4.37196923E-06  -99.9999924      -21.9938660     -0.205917656    
   4.78499985      -4.37196923E-06  -99.9999924      -21.4938660     -0.206247732    
   4.78999996      -4.37196923E-06  -99.9999924      -20.9938354     -0.206577837    
   4.79500008      -4.37196923E-06  -99.9999924      -20.4938354     -0.206907958    
   4.79999971      -4.37196923E-06  -99.9999924      -19.9938049     -0.207238078    
   4.80499983      -4.37196923E-06  -99.9999924      -19.4938049     -0.207568258    
   4.80999994      -4.37196923E-06  -99.9999924      -18.9938049     -0.207898468    
   4.81500006      -4.37196923E-06  -99.9999924      -18.4937744     -0.208228678    
   4.81999969      -4.37196923E-06  -99.9999924      -17.9937744     -0.208558917    
   4.82499981      -4.37196923E-06  -99.9999924      -17.4937744     -0.208889186    
   4.82999992      -4.37196923E-06  -99.9999924      -16.9937439     -0.209219515    
   4.83500004      -4.37196923E-06  -99.9999924      -16.4937439     -0.209549829    
   4.83999968      -4.37196923E-06  -99.9999924      -15.9937134     -0.209880143    
   4.84499979      -4.37196923E-06  -99.9999924      -15.4937134     -0.210210502    
   4.84999990      -4.37196923E-06  -99.9999924      -14.9937134     -0.210540891    
   4.85500002      -4.37196923E-06  -99.9999924      -14.4936829     -0.210871309    
   4.85999966      -4.37196923E-06  -99.9999924      -13.9936829     -0.211201698    
   4.86499977      -4.37196923E-06  -99.9999924      -13.4936829     -0.211532146    
   4.86999989      -4.37196923E-06  -99.9999924      -12.9936523     -0.211862609    
   4.87500000      -4.37196923E-06  -99.9999924      -12.4936523     -0.212193102    
   4.88000011      -4.37196923E-06  -99.9999924      -11.9936218     -0.212523594    
   4.88499975      -4.37196923E-06  -99.9999924      -11.4936218     -0.212854087    
   4.88999987      -4.37196923E-06  -99.9999924      -10.9936218     -0.213184595    
   4.89499998      -4.37196923E-06  -99.9999924      -10.4935913     -0.213515162    
   4.90000010      -4.37196923E-06  -99.9999924      -9.99359131     -0.213845700    
   4.90499973      -4.37196923E-06  -99.9999924      -9.49359131     -0.214176238    
   4.90999985      -4.37196923E-06  -99.9999924      -8.99356079     -0.214506805    
   4.91499996      -4.37196923E-06  -99.9999924      -8.49356079     -0.214837402    
   4.92000008      -4.37196923E-06  -99.9999924      -7.99353027     -0.215167999    
   4.92499971      -4.37196923E-06  -99.9999924      -7.49353027     -0.215498596    
   4.92999983      -4.37196923E-06  -99.9999924      -6.99353027     -0.215829223    
   4.93499994      -4.37196923E-06  -99.9999924      -6.49349976     -0.216159850    
   4.94000006      -4.37196923E-06  -99.9999924      -5.99349976     -0.216490507    
   4.94499969      -4.37196923E-06  -99.9999924      -5.49349976     -0.216821104    
   4.94999981      -4.37196923E-06  -99.9999924      -4.99346924     -0.217151791    
   4.95499992      -4.37196923E-06  -99.9999924      -4.49346924     -0.217482448    
   4.96000004      -4.37196923E-06  -99.9999924      -3.99343872     -0.217813134    
   4.96499968      -4.37196923E-06  -99.9999924      -3.49343872     -0.218143761    
   4.96999979      -4.37196923E-06  -99.9999924      -2.99343872     -0.218474448    
   4.97499990      -4.37196923E-06  -99.9999924      -2.49340820     -0.218805104    
   4.98000002      -4.37196923E-06  -99.9999924      -1.99340820     -0.219135821    
   4.98499966      -4.37196923E-06  -99.9999924      -1.49340820     -0.219466478    
   4.98999977      -4.37196923E-06  -99.9999924     -0.993377686     -0.219797164    
   4.99499989      -4.37196923E-06  -99.9999924     -0.493377686     -0.220127851    
   5.00000000      -4.37196923E-06  -99.9999924       6.62231445E-03 -0.220458567    
