   0.00000000    
  -1.62187655E-06
  -6.48501646E-06
  -1.45856848E-05
  -2.59201461E-05
  -4.04846614E-05
  -5.82755092E-05
  -7.92889405E-05
  -1.03521226E-04
  -1.30968619E-04
  -1.61627395E-04
  -1.95493849E-04
  -2.32564198E-04
  -2.72834732E-04
  -3.16301710E-04
  -3.62961320E-04
  -4.12810012E-04
  -4.65843914E-04
  -5.22059272E-04
  -5.81452507E-04
  -6.44019572E-04
  -7.09757151E-04
  -7.78661168E-04
  -8.50728014E-04
  -9.25954082E-04
  -1.00433547E-03
  -1.08586834E-03
  -1.17054908E-03
  -1.25837431E-03
  -1.34933949E-03
  -1.44344161E-03
  -1.54067692E-03
  -1.64104102E-03
  -1.74453063E-03
  -1.85114238E-03
  -1.96087174E-03
  -2.07371544E-03
  -2.18966999E-03
  -2.30873097E-03
  -2.43089488E-03
  -2.55615846E-03
  -2.68451776E-03
  -2.81596859E-03
  -2.95050768E-03
  -3.08813131E-03
  -3.22883530E-03
  -3.37261613E-03
  -3.51947080E-03
  -3.66939465E-03
  -3.82238370E-03
  -3.97843542E-03
  -4.13754489E-03
  -4.29970911E-03
  -4.46492387E-03
  -4.63318545E-03
  -4.80449200E-03
  -4.97883651E-03
  -5.15621761E-03
  -5.33662969E-03
  -5.52007090E-03
  -5.70653658E-03
  -5.89602394E-03
  -6.08852785E-03
  -6.28404506E-03
  -6.48257183E-03
  -6.68410398E-03
  -6.88863918E-03
  -7.09617324E-03
  -7.30670244E-03
  -7.52022211E-03
  -7.73672806E-03
  -7.95621797E-03
  -8.17868859E-03
  -8.40413384E-03
  -8.63255467E-03
  -8.86394083E-03
  -9.09829326E-03
  -9.33560636E-03
  -9.57587548E-03
  -9.81909968E-03
  -1.00652734E-02
  -1.03143947E-02
  -1.05664581E-02
  -1.08214598E-02
  -1.10793961E-02
  -1.13402633E-02
  -1.16040586E-02
  -1.18707782E-02
  -1.21404175E-02
  -1.24129718E-02
  -1.26884403E-02
  -1.29668182E-02
  -1.32480981E-02
  -1.35322837E-02
  -1.38193648E-02
  -1.41093396E-02
  -1.44022042E-02
  -1.46979559E-02
  -1.49965892E-02
  -1.52981030E-02
  -1.56024918E-02
  -1.59097537E-02
  -1.62198786E-02
  -1.65328719E-02
  -1.68487243E-02
  -1.71674304E-02
  -1.74889918E-02
  -1.78134032E-02
  -1.81406569E-02
  -1.84707586E-02
  -1.88036934E-02
  -1.91394631E-02
  -1.94780640E-02
  -1.98194869E-02
  -2.01637391E-02
  -2.05108076E-02
  -2.08606906E-02
  -2.12133862E-02
  -2.15688907E-02
  -2.19271984E-02
  -2.22883075E-02
  -2.26522107E-02
  -2.30189133E-02
  -2.33884007E-02
  -2.37606764E-02
  -2.41357293E-02
  -2.45135650E-02
  -2.48941705E-02
  -2.52775494E-02
  -2.56636962E-02
  -2.60526016E-02
  -2.64442712E-02
  -2.68386938E-02
  -2.72358693E-02
  -2.76357941E-02
  -2.80384663E-02
  -2.84438748E-02
  -2.88520195E-02
  -2.92629022E-02
  -2.96765119E-02
  -3.00928429E-02
  -3.05119026E-02
  -3.09336744E-02
  -3.13581675E-02
  -3.17853689E-02
  -3.22152749E-02
  -3.26478817E-02
  -3.30831930E-02
  -3.35212126E-02
  -3.39619070E-02
  -3.44052985E-02
  -3.48513685E-02
  -3.53001244E-02
  -3.57515514E-02
  -3.62056568E-02
  -3.66624296E-02
  -3.71218696E-02
  -3.75839733E-02
  -3.80487330E-02
  -3.85161489E-02
  -3.89862172E-02
  -3.94589379E-02
  -3.99342924E-02
  -4.04122919E-02
  -4.08929251E-02
  -4.13761921E-02
  -4.18620892E-02
  -4.23506089E-02
  -4.28417511E-02
  -4.33355123E-02
  -4.38318811E-02
  -4.43308651E-02
  -4.48324569E-02
  -4.53366563E-02
  -4.58434448E-02
  -4.63528298E-02
  -4.68648039E-02
  -4.73793745E-02
  -4.78965193E-02
  -4.84162495E-02
  -4.89385538E-02
  -4.94634286E-02
  -4.99908812E-02
  -5.05208895E-02
  -5.10534644E-02
  -5.15885949E-02
  -5.21262884E-02
  -5.26665226E-02
  -5.32093048E-02
  -5.37546314E-02
  -5.43024950E-02
  -5.48528954E-02
  -5.54058291E-02
  -5.59612848E-02
  -5.65192699E-02
  -5.70797734E-02
  -5.76427914E-02
  -5.82083240E-02
  -5.87763712E-02
  -5.93469180E-02
  -5.99199720E-02
  -6.04955181E-02
  -6.10735640E-02
  -6.16540909E-02
  -6.22371137E-02
  -6.28226176E-02
  -6.34105951E-02
  -6.40010536E-02
  -6.45939857E-02
  -6.51893839E-02
  -6.57872409E-02
  -6.63875565E-02
  -6.69903457E-02
  -6.75955713E-02
  -6.82032555E-02
  -6.88133910E-02
  -6.94259480E-02
  -7.00409636E-02
  -7.06584156E-02
  -7.12782890E-02
  -7.19005913E-02
  -7.25253075E-02
  -7.31524602E-02
  -7.37820119E-02
  -7.44139850E-02
  -7.50483647E-02
  -7.56851435E-02
  -7.63243288E-02
  -7.69659206E-02
  -7.76098892E-02
  -7.82562569E-02
  -7.89050013E-02
  -7.95561373E-02
  -8.02096575E-02
  -8.08655322E-02
  -8.15237910E-02
  -8.21844190E-02
  -8.28474015E-02
  -8.35127532E-02
  -8.41804594E-02
  -8.48505124E-02
  -8.55229124E-02
  -8.61976668E-02
  -8.68747607E-02
  -8.75542015E-02
  -8.82359594E-02
  -8.89200494E-02
  -8.96064714E-02
  -9.02952179E-02
  -9.09862742E-02
  -9.16796401E-02
  -9.23753306E-02
  -9.30733308E-02
  -9.37736183E-02
  -9.44762155E-02
  -9.51811075E-02
  -9.58882943E-02
  -9.65977684E-02
  -9.73095372E-02
  -9.80235711E-02
  -9.87398848E-02
  -9.94584784E-02
 -0.100179344    
 -0.100902468    
 -0.101627864    
 -0.102355510    
 -0.103085414    
 -0.103817582    
 -0.104551986    
 -0.105288655    
 -0.106027544    
 -0.106768668    
 -0.107512020    
 -0.108257607    
 -0.109005421    
 -0.109755456    
 -0.110507712    
 -0.111262180    
 -0.112018861    
 -0.112777740    
 -0.113538824    
 -0.114302114    
 -0.115067601    
 -0.115835264    
 -0.116605118    
 -0.117377169    
 -0.118151411    
 -0.118927807    
 -0.119706377    
 -0.120487124    
 -0.121270038    
 -0.122055098    
 -0.122842327    
 -0.123631723    
 -0.124423251    
 -0.125216961    
 -0.126012787    
 -0.126810744    
 -0.127610847    
 -0.128413081    
 -0.129217446    
 -0.130023926    
 -0.130832538    
 -0.131643265    
 -0.132456109    
 -0.133271039    
 -0.134088099    
 -0.134907246    
 -0.135728508    
 -0.136551857    
 -0.137377292    
 -0.138204813    
 -0.139034405    
 -0.139866114    
 -0.140699863    
 -0.141535699    
 -0.142373607    
 -0.143213570    
 -0.144055605    
 -0.144899696    
 -0.145745844    
 -0.146594048    
 -0.147444293    
 -0.148296565    
 -0.149150878    
 -0.150007233    
 -0.150865629    
 -0.151726037    
 -0.152588472    
 -0.153452933    
 -0.154319391    
 -0.155187890    
 -0.156058371    
 -0.156930879    
 -0.157805368    
 -0.158681855    
 -0.159560353    
 -0.160440832    
 -0.161323309    
 -0.162207738    
 -0.163094178    
 -0.163982570    
 -0.164872959    
 -0.165765300    
 -0.166659608    
 -0.167555854    
 -0.168454126    
 -0.169354290    
 -0.170256406    
 -0.171160489    
 -0.172066480    
 -0.172974437    
 -0.173884317    
 -0.174796134    
 -0.175709873    
 -0.176625550    
 -0.177543104    
 -0.178462610    
 -0.179384023    
 -0.180307344    
 -0.181232557    
 -0.182159662    
 -0.183088675    
 -0.184019610    
 -0.184952408    
 -0.185887083    
 -0.186823636    
 -0.187762097    
 -0.188702404    
 -0.189644605    
 -0.190588653    
 -0.191534579    
 -0.192482382    
 -0.193432003    
 -0.194383502    
 -0.195336834    
 -0.196292013    
 -0.197249040    
 -0.198207885    
 -0.199168578    
 -0.200131088    
 -0.201095432    
 -0.202061594    
 -0.203029603    
 -0.203999400    
 -0.204970986    
 -0.205944419    
 -0.206919625    
 -0.207896665    
 -0.208875462    
 -0.209856078    
 -0.210838452    
 -0.211822644    
 -0.212808594    
 -0.213796332    
 -0.214785859    
 -0.215777144    
 -0.216770202    
 -0.217765003    
 -0.218761593    
 -0.219759911    
 -0.220759958    
 -0.221761808    
 -0.222765356    
 -0.223770693    
 -0.224777699    
 -0.225786477    
 -0.226796970    
 -0.227809221    
 -0.228823125    
 -0.229838818    
 -0.230856225    
 -0.231875300    
 -0.232896104    
 -0.233918577    
 -0.234942794    
 -0.235968679    
 -0.236996278    
 -0.238025531    
 -0.239056498    
 -0.240089089    
 -0.241123438    
 -0.242159367    
 -0.243197083    
 -0.244236380    
 -0.245277360    
 -0.246319979    
 -0.247364312    
 -0.248410210    
 -0.249457806    
 -0.250507027    
 -0.251557916    
 -0.252610385    
 -0.253664553    
 -0.254720271    
 -0.255777687    
 -0.256836712    
 -0.257897317    
 -0.258959591    
 -0.260023385    
 -0.261088878    
 -0.262155890    
 -0.263224542    
 -0.264294803    
 -0.265366644    
 -0.266440034    
 -0.267515063    
 -0.268591613    
 -0.269669831    
 -0.270749509    
 -0.271830857    
 -0.272913635    
 -0.273998082    
 -0.275084049    
 -0.276171595    
 -0.277260661    
 -0.278351367    
 -0.279443502    
 -0.280537188    
 -0.281632423    
 -0.282729238    
 -0.283827543    
 -0.284927309    
 -0.286028713    
 -0.287131548    
 -0.288235933    
 -0.289341807    
 -0.290449202    
 -0.291558057    
 -0.292668462    
 -0.293780297    
 -0.294893712    
 -0.296008527    
 -0.297124863    
 -0.298242658    
 -0.299361974    
 -0.300482690    
 -0.301604927    
 -0.302728623    
 -0.303853750    
 -0.304980338    
 -0.306108415    
 -0.307237864    
 -0.308368862    
 -0.309501231    
 -0.310635090    
 -0.311770320    
 -0.312906981    
 -0.314045131    
 -0.315184653    
 -0.316325605    
 -0.317467988    
 -0.318611771    
 -0.319756955    
 -0.320903540    
 -0.322051525    
 -0.323200941    
 -0.324351698    
 -0.325503886    
 -0.326657414    
 -0.327812374    
 -0.328968674    
 -0.330126375    
 -0.331285417    
 -0.332445860    
 -0.333607614    
 -0.334770769    
 -0.335935265    
 -0.337101102    
 -0.338268310    
 -0.339436859    
 -0.340606749    
 -0.341777980    
 -0.342950523    
 -0.344124407    
 -0.345299631    
 -0.346476138    
 -0.347653985    
 -0.348833114    
 -0.350013614    
 -0.351195335    
 -0.352378488    
 -0.353562832    
 -0.354748517    
 -0.355935454    
 -0.357123762    
 -0.358313233    
 -0.359504074    
 -0.360696137    
 -0.361889541    
 -0.363084137    
 -0.364280075    
 -0.365477204    
 -0.366675675    
 -0.367875338    
 -0.369076282    
 -0.370278418    
 -0.371481836    
 -0.372686535    
 -0.373892426    
 -0.375099540    
 -0.376307845    
 -0.377517462    
 -0.378728211    
 -0.379940271    
 -0.381153464    
 -0.382367909    
 -0.383583546    
 -0.384800375    
 -0.386018425    
 -0.387237668    
 -0.388458073    
 -0.389679730    
 -0.390902460    
 -0.392126471    
 -0.393351585    
 -0.394577980    
 -0.395805418    
 -0.397034109    
 -0.398263872    
 -0.399494886    
 -0.400726974    
 -0.401960284    
 -0.403194696    
 -0.404430300    
 -0.405667007    
 -0.406904817    
 -0.408143818    
 -0.409383863    
 -0.410625160    
 -0.411867440    
 -0.413110912    
 -0.414355516    
 -0.415601164    
 -0.416847944    
 -0.418095827    
 -0.419344783    
 -0.420594931    
 -0.421846032    
 -0.423098326    
 -0.424351633    
 -0.425606042    
 -0.426861465    
 -0.428118110    
 -0.429375648    
 -0.430634409    
 -0.431894124    
 -0.433154970    
 -0.434416741    
 -0.435679674    
 -0.436943710    
 -0.438208640    
 -0.439474761    
 -0.440741718    
 -0.442009836    
 -0.443278909    
 -0.444549114    
 -0.445820242    
 -0.447092474    
 -0.448365629    
 -0.449639857    
 -0.450915039    
 -0.452191263    
 -0.453468442    
 -0.454746664    
 -0.456025839    
 -0.457305998    
 -0.458587110    
 -0.459869266    
 -0.461152345    
 -0.462436438    
 -0.463721454    
 -0.465007454    
 -0.466294378    
 -0.467582345    
 -0.468871176    
 -0.470161021    
 -0.471451819    
 -0.472743452    
 -0.474036098    
 -0.475329638    
 -0.476624161    
 -0.477919579    
 -0.479215950    
 -0.480513155    
 -0.481811345    
 -0.483110428    
 -0.484410465    
 -0.485711277    
 -0.487013161    
 -0.488315791    
 -0.489619434    
 -0.490923882    
 -0.492229223    
 -0.493535399    
 -0.494842589    
 -0.496150553    
 -0.497459441    
 -0.498769104    
 -0.500079751    
 -0.501391172    
 -0.502703428    
 -0.504016638    
 -0.505330622    
 -0.506645501    
 -0.507961154    
 -0.509277701    
 -0.510595024    
 -0.511913180    
 -0.513232231    
 -0.514551997    
 -0.515872657    
 -0.517194152    
 -0.518516302    
 -0.519839406    
 -0.521163285    
 -0.522487998    
 -0.523813367    
 -0.525139689    
 -0.526466727    
 -0.527794540    
 -0.529123187    
 -0.530452549    
 -0.531782627    
 -0.533113599    
 -0.534445286    
 -0.535777807    
 -0.537110984    
 -0.538444936    
 -0.539779663    
 -0.541115046    
 -0.542451322    
 -0.543788254    
 -0.545125961    
 -0.546464324    
 -0.547803521    
 -0.549143314    
 -0.550483942    
 -0.551825106    
 -0.553167224    
 -0.554509878    
 -0.555853367    
 -0.557197392    
 -0.558542311    
 -0.559887767    
 -0.561233997    
 -0.562580884    
 -0.563928485    
 -0.565276682    
 -0.566625595    
 -0.567975163    
 -0.569325447    
 -0.570676506    
 -0.572028041    
 -0.573380291    
 -0.574733138    
 -0.576086700    
 -0.577440858    
 -0.578795791    
 -0.580151200    
 -0.581507325    
 -0.582863986    
 -0.584221482    
 -0.585579395    
 -0.586938024    
 -0.588297248    
 -0.589657068    
 -0.591017485    
 -0.592378616    
 -0.593740225    
 -0.595102549    
 -0.596465290    
 -0.597828746    
 -0.599192739    
 -0.600557327    
 -0.601922512    
 -0.603288293    
 -0.604654670    
 -0.606021464    
 -0.607388973    
 -0.608756900    
 -0.610125542    
 -0.611494541    
 -0.612864316    
 -0.614234447    
 -0.615605235    
 -0.616976500    
 -0.618348360    
 -0.619720697    
 -0.621093571    
 -0.622466981    
 -0.623840928    
 -0.625215292    
 -0.626590252    
 -0.627965689    
 -0.629341722    
 -0.630718052    
 -0.632095098    
 -0.633472502    
 -0.634850502    
 -0.636228800    
 -0.637607753    
 -0.638987064    
 -0.640367031    
 -0.641747355    
 -0.643128157    
 -0.644509315    
 -0.645891011    
 -0.647273183    
 -0.648655772    
 -0.650038898    
 -0.651422381    
 -0.652806342    
 -0.654190719    
 -0.655575514    
 -0.656960726    
 -0.658346415    
 -0.659732461    
 -0.661118984    
 -0.662505865    
 -0.663893223    
 -0.665280938    
 -0.666669130    
 -0.668057680    
 -0.669446588    
 -0.670835853    
 -0.672225654    
 -0.673615694    
 -0.675006211    
 -0.676397085    
 -0.677788258    
 -0.679179847    
 -0.680571795    
 -0.681964159    
 -0.683356762    
 -0.684749842    
 -0.686143279    
 -0.687536955    
 -0.688930988    
 -0.690325499    
 -0.691720188    
 -0.693115234    
 -0.694510579    
 -0.695906401    
 -0.697302461    
 -0.698698878    
 -0.700095415    
 -0.701492488    
 -0.702889681    
 -0.704287410    
 -0.705685258    
 -0.707083464    
 -0.708481908    
 -0.709880710    
 -0.711279750    
 -0.712679148    
 -0.714078665    
 -0.715478659    
 -0.716878772    
 -0.718279123    
 -0.719679832    
 -0.721080780    
 -0.722481847    
 -0.723883271    
 -0.725285053    
 -0.726687014    
 -0.728089094    
 -0.729491472    
 -0.730894208    
 -0.732297003    
 -0.733699977    
 -0.735103250    
 -0.736506820    
 -0.737910628    
 -0.739314437    
 -0.740718603    
 -0.742123008    
 -0.743527472    
 -0.744932115    
 -0.746337056    
 -0.747742176    
 -0.749147534    
 -0.750553012    
 -0.751958609    
 -0.753364444    
 -0.754770398    
 -0.756176591    
 -0.757582784    
 -0.758989275    
 -0.760395885    
 -0.761802673    
 -0.763209522    
 -0.764616609    
 -0.766023874    
 -0.767431140    
 -0.768838465    
 -0.770246148    
 -0.771653891    
 -0.773061633    
 -0.774469495    
 -0.775877476    
 -0.777285695    
 -0.778693974    
 -0.780102193    
 -0.781510592    
 -0.782919228    
 -0.784328043    
 -0.785736740    
 -0.787145436    
 -0.788554311    
 -0.789963245    
 -0.791372299    
 -0.792781293    
 -0.794190407    
 -0.795599818    
 -0.797008991    
 -0.798418283    
 -0.799827576    
 -0.801237047    
 -0.802646458    
 -0.804055929    
 -0.805465460    
 -0.806874990    
 -0.808284521    
 -0.809694052    
 -0.811103821    
 -0.812513471    
 -0.813923001    
 -0.815332592    
 -0.816742301    
 -0.818151951    
 -0.819561601    
 -0.820971251    
 -0.822380781    
 -0.823790431    
 -0.825200021    
 -0.826609612    
 -0.828019023    
 -0.829428554    
 -0.830838025    
 -0.832247555    
 -0.833656788    
 -0.835066199    
 -0.836475492    
 -0.837884784    
 -0.839293778    
 -0.840703070    
 -0.842112064    
 -0.843521178    
 -0.844929993    
 -0.846338809    
 -0.847747684    
 -0.849156260    
 -0.850564718    
 -0.851973414    
 -0.853381753    
 -0.854790211    
 -0.856198370    
 -0.857606411    
 -0.859014392    
 -0.860422373    
 -0.861830115    
 -0.863237619    
 -0.864645243    
 -0.866052568    
 -0.867460012    
 -0.868866920    
 -0.870273948    
 -0.871680796    
 -0.873087645    
 -0.874494016    
 -0.875900507    
 -0.877306819    
 -0.878712893    
 -0.880118728    
 -0.881524444    
 -0.882930040    
 -0.884335399    
 -0.885740638    
 -0.887145638    
 -0.888550520    
 -0.889955282    
 -0.891359687    
 -0.892763913    
 -0.894167900    
 -0.895571828    
 -0.896975517    
 -0.898378849    
 -0.899782062    
 -0.901185155    
 -0.902587891    
 -0.903990269    
 -0.905392766    
 -0.906794727    
 -0.908196628    
 -0.909598172    
 -0.910999477    
 -0.912400603    
 -0.913801491    
 -0.915201902    
 -0.916602254    
 -0.918002367    
 -0.919402242    
 -0.920801520    
 -0.922200799    
 -0.923599839    
 -0.924998522    
 -0.926396728    
 -0.927794874    
 -0.929192662    
 -0.930590212    
 -0.931987405    
 -0.933384120    
 -0.934780717    
 -0.936177015    
 -0.937573075    
 -0.938968599    
 -0.940363765    
 -0.941758752    
 -0.943153441    
 -0.944547653    
 -0.945941687    
 -0.947335243    
 -0.948728561    
 -0.950121284    
 -0.951513827    
 -0.952906072    
 -0.954297960    
 -0.955689311    
 -0.957080424    
 -0.958471179    
 -0.959861577    
 -0.961251438    
 -0.962641001    
 -0.964030087    
 -0.965418935    
 -0.966807365    
 -0.968195260    
 -0.969582856    
 -0.970970094    
 -0.972356796    
 -0.973743141    
 -0.975129068    
 -0.976514578    
 -0.977899671    
 -0.979284227    
 -0.980668485    
 -0.982052267    
 -0.983435631    
 -0.984818399    
 -0.986200929    
 -0.987583041    
 -0.988964558    
 -0.990345538    
 -0.991726160    
 -0.993106306    
 -0.994486034    
 -0.995865107    
 -0.997243762    
 -0.998622060    
 -0.999999821    
   0.00000000    
  -3.02845319E-06
  -1.20990599E-05
  -2.71896915E-05
  -4.82782198E-05
  -7.53425120E-05
  -1.08360451E-04
  -1.47309911E-04
  -1.92168736E-04
  -2.42914786E-04
  -2.99526000E-04
  -3.61980230E-04
  -4.30255284E-04
  -5.04329102E-04
  -5.84179536E-04
  -6.69784378E-04
  -7.61121686E-04
  -8.58169282E-04
  -9.60904697E-04
  -1.06930640E-03
  -1.18335162E-03
  -1.30301877E-03
  -1.42828550E-03
  -1.55912957E-03
  -1.69552909E-03
  -1.83746172E-03
  -1.98490545E-03
  -2.13783793E-03
  -2.29623774E-03
  -2.46008160E-03
  -2.62934808E-03
  -2.80401576E-03
  -2.98406114E-03
  -3.16946232E-03
  -3.36019858E-03
  -3.55624594E-03
  -3.75758298E-03
  -3.96418851E-03
  -4.17603878E-03
  -4.39311191E-03
  -4.61538741E-03
  -4.84284200E-03
  -5.07545331E-03
  -5.31319948E-03
  -5.55605860E-03
  -5.80400787E-03
  -6.05702586E-03
  -6.31509069E-03
  -6.57817954E-03
  -6.84627006E-03
  -7.11934129E-03
  -7.39736948E-03
  -7.68033415E-03
  -7.96821155E-03
  -8.26098025E-03
  -8.55862070E-03
  -8.86110682E-03
  -9.16841719E-03
  -9.48053133E-03
  -9.79742594E-03
  -1.01190787E-02
  -1.04454700E-02
  -1.07765757E-02
  -1.11123715E-02
  -1.14528388E-02
  -1.17979525E-02
  -1.21476930E-02
  -1.25020379E-02
  -1.28609668E-02
  -1.32244518E-02
  -1.35924751E-02
  -1.39650134E-02
  -1.43420445E-02
  -1.47235459E-02
  -1.51095018E-02
  -1.54998796E-02
  -1.58946626E-02
  -1.62938274E-02
  -1.66973528E-02
  -1.71052162E-02
  -1.75173990E-02
  -1.79338735E-02
  -1.83546208E-02
  -1.87796149E-02
  -1.92088392E-02
  -1.96422692E-02
  -2.00798810E-02
  -2.05216557E-02
  -2.09675692E-02
  -2.14175973E-02
  -2.18717214E-02
  -2.23299209E-02
  -2.27921661E-02
  -2.32584458E-02
  -2.37287264E-02
  -2.42029931E-02
  -2.46812236E-02
  -2.51633916E-02
  -2.56494768E-02
  -2.61394605E-02
  -2.66333185E-02
  -2.71310266E-02
  -2.76325606E-02
  -2.81379055E-02
  -2.86470335E-02
  -2.91599222E-02
  -2.96765566E-02
  -3.01969051E-02
  -3.07209529E-02
  -3.12486831E-02
  -3.17800567E-02
  -3.23150568E-02
  -3.28536741E-02
  -3.33958678E-02
  -3.39416340E-02
  -3.44909392E-02
  -3.50437574E-02
  -3.56000811E-02
  -3.61598730E-02
  -3.67231220E-02
  -3.72898020E-02
  -3.78598906E-02
  -3.84333730E-02
  -3.90102081E-02
  -3.95903960E-02
  -4.01738957E-02
  -4.07606959E-02
  -4.13507745E-02
  -4.19441089E-02
  -4.25406657E-02
  -4.31404412E-02
  -4.37434018E-02
  -4.43495251E-02
  -4.49587926E-02
  -4.55711856E-02
  -4.61866818E-02
  -4.68052477E-02
  -4.74268645E-02
  -4.80515212E-02
  -4.86791804E-02
  -4.93098348E-02
  -4.99434546E-02
  -5.05800173E-02
  -5.12195043E-02
  -5.18618859E-02
  -5.25071435E-02
  -5.31552583E-02
  -5.38062155E-02
  -5.44599891E-02
  -5.51165342E-02
  -5.57758585E-02
  -5.64379171E-02
  -5.71027100E-02
  -5.77702001E-02
  -5.84403612E-02
  -5.91131859E-02
  -5.97886406E-02
  -6.04667105E-02
  -6.11473694E-02
  -6.18305989E-02
  -6.25163764E-02
  -6.32046834E-02
  -6.38954714E-02
  -6.45887554E-02
  -6.52844906E-02
  -6.59826621E-02
  -6.66832477E-02
  -6.73862249E-02
  -6.80915639E-02
  -6.87992573E-02
  -6.95092753E-02
  -7.02215880E-02
  -7.09361881E-02
  -7.16530532E-02
  -7.23721385E-02
  -7.30934441E-02
  -7.38169402E-02
  -7.45426118E-02
  -7.52704218E-02
  -7.60003626E-02
  -7.67324045E-02
  -7.74665251E-02
  -7.82027170E-02
  -7.89409280E-02
  -7.96811730E-02
  -8.04233998E-02
  -8.11676010E-02
  -8.19137543E-02
  -8.26618224E-02
  -8.34117979E-02
  -8.41636583E-02
  -8.49173740E-02
  -8.56729373E-02
  -8.64303038E-02
  -8.71894658E-02
  -8.79504085E-02
  -8.87130946E-02
  -8.94775093E-02
  -9.02436227E-02
  -9.10114348E-02
  -9.17808935E-02
  -9.25519988E-02
  -9.33247134E-02
  -9.40990150E-02
  -9.48749036E-02
  -9.56523418E-02
  -9.64313000E-02
  -9.72117633E-02
  -9.79937166E-02
  -9.87771228E-02
  -9.95619670E-02
 -0.100348249    
 -0.101135910    
 -0.101924941    
 -0.102715328    
 -0.103507057    
 -0.104300067    
 -0.105094388    
 -0.105889976    
 -0.106686778    
 -0.107484803    
 -0.108284026    
 -0.109084427    
 -0.109885976    
 -0.110688671    
 -0.111492455    
 -0.112297311    
 -0.113103248    
 -0.113910243    
 -0.114718221    
 -0.115527228    
 -0.116337188    
 -0.117148116    
 -0.117959961    
 -0.118772723    
 -0.119586363    
 -0.120400876    
 -0.121216223    
 -0.122032389    
 -0.122849368    
 -0.123667106    
 -0.124485612    
 -0.125304833    
 -0.126124769    
 -0.126945406    
 -0.127766699    
 -0.128588617    
 -0.129411191    
 -0.130234346    
 -0.131058067    
 -0.131882355    
 -0.132707164    
 -0.133532494    
 -0.134358302    
 -0.135184586    
 -0.136011302    
 -0.136838451    
 -0.137665987    
 -0.138493896    
 -0.139322191    
 -0.140150785    
 -0.140979707    
 -0.141808927    
 -0.142638385    
 -0.143468112    
 -0.144298047    
 -0.145128191    
 -0.145958513    
 -0.146788985    
 -0.147619620    
 -0.148450345    
 -0.149281144    
 -0.150112033    
 -0.150942951    
 -0.151773900    
 -0.152604833    
 -0.153435767    
 -0.154266655    
 -0.155097455    
 -0.155928195    
 -0.156758815    
 -0.157589316    
 -0.158419639    
 -0.159249797    
 -0.160079762    
 -0.160909504    
 -0.161739022    
 -0.162568241    
 -0.163397193    
 -0.164225817    
 -0.165054113    
 -0.165882081    
 -0.166709647    
 -0.167536855    
 -0.168363616    
 -0.169189945    
 -0.170015812    
 -0.170841172    
 -0.171666026    
 -0.172490373    
 -0.173314169    
 -0.174137354    
 -0.174959958    
 -0.175781965    
 -0.176603332    
 -0.177424014    
 -0.178244025    
 -0.179063335    
 -0.179881871    
 -0.180699706    
 -0.181516737    
 -0.182332978    
 -0.183148414    
 -0.183963016    
 -0.184776723    
 -0.185589582    
 -0.186401516    
 -0.187212527    
 -0.188022584    
 -0.188831687    
 -0.189639777    
 -0.190446854    
 -0.191252917    
 -0.192057878    
 -0.192861751    
 -0.193664551    
 -0.194466233    
 -0.195266724    
 -0.196066052    
 -0.196864203    
 -0.197661132    
 -0.198456809    
 -0.199251235    
 -0.200044394    
 -0.200836241    
 -0.201626748    
 -0.202415928    
 -0.203203708    
 -0.203990132    
 -0.204775095    
 -0.205558673    
 -0.206340745    
 -0.207121357    
 -0.207900450    
 -0.208678052    
 -0.209454060    
 -0.210228562    
 -0.211001426    
 -0.211772680    
 -0.212542281    
 -0.213310242    
 -0.214076534    
 -0.214841112    
 -0.215603963    
 -0.216365069    
 -0.217124403    
 -0.217881948    
 -0.218637675    
 -0.219391555    
 -0.220143601    
 -0.220893770    
 -0.221642017    
 -0.222388342    
 -0.223132744    
 -0.223875180    
 -0.224615574    
 -0.225353986    
 -0.226090387    
 -0.226824701    
 -0.227556929    
 -0.228287086    
 -0.229015097    
 -0.229740992    
 -0.230464667    
 -0.231186211    
 -0.231905505    
 -0.232622579    
 -0.233337402    
 -0.234049916    
 -0.234760165    
 -0.235468075    
 -0.236173660    
 -0.236876830    
 -0.237577662    
 -0.238276079    
 -0.238972038    
 -0.239665553    
 -0.240356579    
 -0.241045117    
 -0.241731122    
 -0.242414609    
 -0.243095517    
 -0.243773818    
 -0.244449541    
 -0.245122612    
 -0.245793015    
 -0.246460781    
 -0.247125849    
 -0.247788161    
 -0.248447761    
 -0.249104559    
 -0.249758556    
 -0.250409842    
 -0.251058191    
 -0.251703739    
 -0.252346396    
 -0.252986133    
 -0.253622949    
 -0.254256904    
 -0.254887849    
 -0.255515784    
 -0.256140769    
 -0.256762654    
 -0.257381469    
 -0.257997274    
 -0.258610010    
 -0.259219557    
 -0.259825975    
 -0.260429204    
 -0.261029303    
 -0.261626124    
 -0.262219816    
 -0.262810200    
 -0.263397336    
 -0.263981134    
 -0.264561653    
 -0.265138775    
 -0.265712589    
 -0.266282976    
 -0.266850024    
 -0.267413586    
 -0.267973751    
 -0.268530339    
 -0.269083560    
 -0.269633174    
 -0.270179272    
 -0.270721823    
 -0.271260768    
 -0.271796107    
 -0.272327870    
 -0.272855908    
 -0.273380339    
 -0.273901016    
 -0.274417996    
 -0.274931222    
 -0.275440723    
 -0.275946409    
 -0.276448339    
 -0.276946455    
 -0.277440608    
 -0.277931035    
 -0.278417438    
 -0.278899968    
 -0.279378563    
 -0.279853225    
 -0.280323893    
 -0.280790597    
 -0.281253219    
 -0.281711757    
 -0.282166272    
 -0.282616764    
 -0.283063084    
 -0.283505201    
 -0.283943236    
 -0.284377068    
 -0.284806669    
 -0.285232097    
 -0.285653204    
 -0.286070108    
 -0.286482692    
 -0.286890954    
 -0.287294924    
 -0.287694484    
 -0.288089722    
 -0.288480490    
 -0.288866878    
 -0.289248765    
 -0.289626271    
 -0.289999247    
 -0.290367693    
 -0.290731609    
 -0.291090965    
 -0.291445762    
 -0.291795939    
 -0.292141497    
 -0.292482376    
 -0.292818636    
 -0.293150157    
 -0.293477029    
 -0.293799132    
 -0.294116497    
 -0.294429064    
 -0.294736803    
 -0.295039803    
 -0.295337886    
 -0.295631170    
 -0.295919508    
 -0.296202928    
 -0.296481371    
 -0.296754897    
 -0.297023535    
 -0.297287077    
 -0.297545642    
 -0.297799110    
 -0.298047543    
 -0.298290879    
 -0.298529118    
 -0.298762232    
 -0.298990220    
 -0.299212962    
 -0.299430549    
 -0.299642891    
 -0.299849987    
 -0.300051808    
 -0.300248384    
 -0.300439656    
 -0.300625503    
 -0.300806105    
 -0.300981283    
 -0.301151097    
 -0.301315427    
 -0.301474392    
 -0.301627815    
 -0.301775753    
 -0.301918268    
 -0.302055120    
 -0.302186489    
 -0.302312374    
 -0.302432537    
 -0.302547097    
 -0.302656054    
 -0.302759290    
 -0.302856922    
 -0.302948773    
 -0.303034961    
 -0.303115368    
 -0.303189993    
 -0.303258777    
 -0.303321838    
 -0.303379059    
 -0.303430319    
 -0.303475738    
 -0.303515196    
 -0.303548813    
 -0.303576469    
 -0.303598106    
 -0.303613782    
 -0.303623438    
 -0.303627014    
 -0.303624630    
 -0.303615987    
 -0.303601384    
 -0.303580582    
 -0.303553641    
 -0.303520560    
 -0.303481281    
 -0.303435743    
 -0.303384006    
 -0.303326011    
 -0.303261697    
 -0.303191125    
 -0.303114176    
 -0.303030908    
 -0.302941263    
 -0.302845240    
 -0.302742720    
 -0.302633822    
 -0.302518487    
 -0.302396655    
 -0.302268326    
 -0.302133441    
 -0.301992059    
 -0.301844060    
 -0.301689446    
 -0.301528215    
 -0.301360428    
 -0.301185906    
 -0.301004708    
 -0.300816834    
 -0.300622284    
 -0.300420821    
 -0.300212741    
 -0.299997807    
 -0.299776077    
 -0.299547434    
 -0.299312115    
 -0.299069762    
 -0.298820555    
 -0.298564434    
 -0.298301339    
 -0.298031211    
 -0.297754109    
 -0.297470152    
 -0.297179103    
 -0.296880841    
 -0.296575606    
 -0.296263278    
 -0.295943856    
 -0.295617223    
 -0.295283496    
 -0.294942498    
 -0.294594288    
 -0.294238865    
 -0.293876290    
 -0.293506205    
 -0.293129027    
 -0.292744398    
 -0.292352438    
 -0.291953206    
 -0.291546524    
 -0.291132390    
 -0.290710866    
 -0.290281951    
 -0.289845407    
 -0.289401531    
 -0.288949966    
 -0.288490891    
 -0.288024426    
 -0.287550211    
 -0.287068367    
 -0.286578953    
 -0.286081910    
 -0.285577059    
 -0.285064578    
 -0.284544468    
 -0.284016490    
 -0.283480883    
 -0.282937407    
 -0.282386005    
 -0.281826973    
 -0.281259954    
 -0.280685127    
 -0.280102313    
 -0.279511631    
 -0.278913081    
 -0.278306425    
 -0.277691841    
 -0.277069330    
 -0.276438713    
 -0.275800049    
 -0.275153339    
 -0.274498463    
 -0.273835421    
 -0.273164332    
 -0.272485137    
 -0.271797717    
 -0.271101952    
 -0.270398080    
 -0.269685864    
 -0.268965483    
 -0.268236756    
 -0.267499804    
 -0.266754508    
 -0.266000628    
 -0.265238523    
 -0.264467835    
 -0.263688922    
 -0.262901425    
 -0.262105703    
 -0.261301279    
 -0.260488391    
 -0.259666920    
 -0.258836865    
 -0.257998228    
 -0.257151008    
 -0.256295323    
 -0.255430818    
 -0.254557610    
 -0.253675818    
 -0.252785325    
 -0.251885891    
 -0.250977874    
 -0.250061035    
 -0.249135256    
 -0.248200774    
 -0.247257471    
 -0.246305346    
 -0.245344281    
 -0.244374156    
 -0.243395090    
 -0.242407322    
 -0.241410255    
 -0.240404487    
 -0.239389420    
 -0.238365531    
 -0.237332344    
 -0.236290216    
 -0.235239029    
 -0.234178662    
 -0.233108997    
 -0.232030272    
 -0.230942369    
 -0.229845166    
 -0.228738785    
 -0.227622986    
 -0.226498008    
 -0.225363731    
 -0.224220037    
 -0.223066926    
 -0.221904635    
 -0.220732808    
 -0.219551682    
 -0.218361020    
 -0.217160940    
 -0.215951204    
 -0.214732051    
 -0.213503480    
 -0.212265253    
 -0.211017370    
 -0.209760070    
 -0.208492875    
 -0.207216263    
 -0.205929875    
 -0.204633832    
 -0.203328013    
 -0.202012539    
 -0.200687170    
 -0.199352145    
 -0.198007345    
 -0.196652770    
 -0.195288301    
 -0.193913937    
 -0.192529559    
 -0.191135287    
 -0.189731240    
 -0.188317180    
 -0.186893225    
 -0.185459018    
 -0.184015155    
 -0.182560921    
 -0.181096673    
 -0.179622412    
 -0.178138018    
 -0.176643372    
 -0.175138950    
 -0.173623919    
 -0.172098994    
 -0.170563698    
 -0.169018149    
 -0.167462349    
 -0.165896297    
 -0.164319873    
 -0.162733197    
 -0.161136031    
 -0.159528613    
 -0.157910824    
 -0.156282306    
 -0.154643774    
 -0.152994514    
 -0.151334882    
 -0.149664640    
 -0.147983909    
 -0.146292686    
 -0.144590974    
 -0.142878413    
 -0.141155481    
 -0.139421582    
 -0.137677312    
 -0.135922194    
 -0.134156346    
 -0.132379889    
 -0.130592704    
 -0.128794670    
 -0.126985908    
 -0.125166059    
 -0.123335719    
 -0.121494293    
 -0.119642258    
 -0.117779016    
 -0.115904808    
 -0.114019871    
 -0.112123728    
 -0.110216856    
 -0.108298659    
 -0.106369734    
 -0.104429483    
 -0.102478385    
 -0.100516081    
  -9.85425711E-02
  -9.65578556E-02
  -9.45622921E-02
  -9.25552845E-02
  -9.05371904E-02
  -8.85076523E-02
  -8.64669085E-02
  -8.44149590E-02
  -8.23518038E-02
  -8.02772045E-02
  -7.81911612E-02
  -7.60937929E-02
  -7.39850998E-02
  -7.18649626E-02
  -6.97333813E-02
  -6.75902367E-02
  -6.54357672E-02
  -6.32696152E-02
  -6.10921383E-02
  -5.89029789E-02
  -5.67023754E-02
  -5.44902086E-02
  -5.22661209E-02
  -5.00305891E-02
  -4.77834940E-02
  -4.55245972E-02
  -4.32540178E-02
  -4.09716368E-02
  -3.86776924E-02
  -3.63718271E-02
  -3.40541601E-02
  -3.17246914E-02
  -2.93834209E-02
  -2.70302296E-02
  -2.46652365E-02
  -2.22883224E-02
  -1.98994875E-02
  -1.74986124E-02
  -1.50859356E-02
  -1.26612186E-02
  -1.02245808E-02
  -7.77554512E-03
  -5.31458855E-03
  -2.84171104E-03
  -3.56674194E-04
   2.14052200E-03
   4.64987755E-03
   7.17163086E-03
   9.70530510E-03
   1.22509003E-02
   1.48091316E-02
   1.73795223E-02
   1.99620724E-02
   2.25570202E-02
   2.51643658E-02
   2.77843475E-02
   3.04162502E-02
   3.30605507E-02
   3.57174873E-02
   3.83865833E-02
   4.10685539E-02
   4.37626839E-02
   4.64694500E-02
   4.91886139E-02
   5.19204140E-02
   5.46646118E-02
   5.74214458E-02
   6.01911545E-02
   6.29732609E-02
   6.57682419E-02
   6.85756207E-02
   7.13956356E-02
   7.42287636E-02
   7.70745277E-02
   7.99329281E-02
   8.28042030E-02
   8.56883526E-02
   8.85851383E-02
   9.14947987E-02
   9.44175720E-02
   9.73529816E-02
  0.100301504    
  0.103262663    
  0.106237173    
  0.109224319    
  0.112224817    
  0.115238190    
  0.118264437    
  0.121304035    
  0.124356747    
  0.127422333    
  0.130501270    
  0.133593321    
  0.136698723    
  0.139817238    
  0.142948627    
  0.146093607    
  0.149251938    
  0.152423620    
  0.155608177    
  0.158806086    
  0.162017822    
  0.165242910    
  0.168481112    
  0.171732664    
  0.174998045    
  0.178276777    
  0.181568861    
  0.184874535    
  0.188193798    
  0.191526890    
  0.194872856    
  0.198232889    
  0.201606512    
  0.204994202    
  0.208394766    
  0.211809397    
  0.215237856    
  0.218679905    
  0.222136259    
  0.225605488    
  0.229089022    
  0.232586145    
  0.236097574    
  0.239622355    
  0.243161440    
  0.246714354    
  0.250280857    
  0.253861666    
  0.257456541    
  0.261065245    
  0.264687777    
  0.268324614    
  0.271975517    
  0.275640488    
  0.279319763    
  0.283012629    
  0.286720037    
  0.290441990    
  0.294177771    
  0.297927380    
  0.301691532    
  0.305470228    
  0.309262991    
  0.313070297    
  0.316891670    
  0.320727587    
  0.324577808    
  0.328442574    
  0.332321405    
  0.336214781    
  0.340123177    
  0.344045639    
  0.347982168    
  0.351933718    
  0.355899811    
  0.359880924    
  0.363875628    
  0.367885828    
  0.371910334    
  0.375949860    
  0.380003214    
  0.384072065    
  0.388155222    
  0.392253637    
  0.396366119    
  0.400494099    
  0.404636621    
  0.408793926    
  0.412965775    
  0.417153120    
  0.421355247    
  0.425572395    
  0.429804325    
  0.434051275    
  0.438313007    
  0.442589998    
  0.446882010    
  0.451188803    
  0.455511093    
  0.459848404    
  0.464200974    
  0.468568087    
  0.472950935    
  0.477349043    
  0.481762171    
  0.486190319    
  0.490634203    
  0.495093107    
  0.499567509    
  0.504056692    
  0.508562088    
  0.513082504    
  0.517618179    
  0.522168875    
  0.526735544    
  0.531317949    
  0.535915613    
  0.540528774    
  0.545156717    
  0.549801111    
  0.554461002    
  0.559136391    
  0.563827038    
  0.568533897    
  0.573256016    
  0.577994347    
  0.582747459    
  0.587517023    
  0.592302561    
  0.597103357    
  0.601919889    
  0.606752157    
  0.611600876    
  0.616465092    
  0.621344805    
  0.626240969    
  0.631153345    
  0.636081457    
  0.641025066    
  0.645985126    
  0.650961161    
  0.655952930    
   0.00000000    
  -5.71348307E-13
  -2.28257712E-12
  -5.12946239E-12
  -9.10778050E-12
  -1.42133050E-11
  -2.04418166E-11
  -2.77890905E-11
  -3.62508981E-11
  -4.58230155E-11
  -5.65012204E-11
  -6.82813042E-11
  -8.11590170E-11
  -9.51301399E-11
  -1.10190482E-10
  -1.26335761E-10
  -1.43561801E-10
  -1.61864369E-10
  -1.81239204E-10
  -2.01682157E-10
  -2.23188898E-10
  -2.45755305E-10
  -2.69377132E-10
  -2.94050090E-10
  -3.19770016E-10
  -3.46532691E-10
  -3.74333842E-10
  -4.03169248E-10
  -4.33034830E-10
  -4.63926120E-10
  -4.95839036E-10
  -5.28769417E-10
  -5.62712932E-10
  -5.97665251E-10
  -6.33622543E-10
  -6.70580091E-10
  -7.08533954E-10
  -7.47479967E-10
  -7.87413745E-10
  -8.28330959E-10
  -8.70227668E-10
  -9.13099651E-10
  -9.56942303E-10
  -1.00175179E-09
  -1.04752385E-09
  -1.09425402E-09
  -1.14193821E-09
  -1.19057231E-09
  -1.24015187E-09
  -1.29067279E-09
  -1.34213096E-09
  -1.39452172E-09
  -1.44784151E-09
  -1.50208557E-09
  -1.55724988E-09
  -1.61333058E-09
  -1.67032266E-09
  -1.72822234E-09
  -1.78702531E-09
  -1.84672733E-09
  -1.90732452E-09
  -1.96881245E-09
  -2.03118655E-09
  -2.09444284E-09
  -2.15857732E-09
  -2.22358532E-09
  -2.28946284E-09
  -2.35620568E-09
  -2.42381026E-09
  -2.49227128E-09
  -2.56158472E-09
  -2.63174660E-09
  -2.70275291E-09
  -2.77459900E-09
  -2.84728152E-09
  -2.92079472E-09
  -2.99513570E-09
  -3.07029957E-09
  -3.14628190E-09
  -3.22307936E-09
  -3.30068706E-09
  -3.37910122E-09
  -3.45831763E-09
  -3.53833118E-09
  -3.61913810E-09
  -3.70073461E-09
  -3.78311604E-09
  -3.86627885E-09
  -3.95021793E-09
  -4.03492884E-09
  -4.12040890E-09
  -4.20665236E-09
  -4.29365521E-09
  -4.38141434E-09
  -4.46992443E-09
  -4.55918103E-09
  -4.64918104E-09
  -4.73992001E-09
  -4.83139218E-09
  -4.92359531E-09
  -5.01652453E-09
  -5.11017539E-09
  -5.20454302E-09
  -5.29962474E-09
  -5.39541478E-09
  -5.49191004E-09
  -5.58910562E-09
  -5.68699754E-09
  -5.78558224E-09
  -5.88485527E-09
  -5.98481131E-09
  -6.08544681E-09
  -6.18675733E-09
  -6.28873842E-09
  -6.39138698E-09
  -6.49469811E-09
  -6.59866739E-09
  -6.70329081E-09
  -6.80856393E-09
  -6.91448321E-09
  -7.02104330E-09
  -7.12824066E-09
  -7.23607307E-09
  -7.34453165E-09
  -7.45361639E-09
  -7.56332064E-09
  -7.67364039E-09
  -7.78457299E-09
  -7.89611398E-09
  -8.00825628E-09
  -8.12099898E-09
  -8.23433677E-09
  -8.34826519E-09
  -8.46277981E-09
  -8.57787708E-09
  -8.69355343E-09
  -8.80980267E-09
  -8.92662122E-09
  -9.04400643E-09
  -9.16195120E-09
  -9.28045374E-09
  -9.39950873E-09
  -9.51911172E-09
  -9.63926094E-09
  -9.75994841E-09
  -9.88117144E-09
  -1.00029274E-08
  -1.01252100E-08
  -1.02480184E-08
  -1.03713429E-08
  -1.04951825E-08
  -1.06195319E-08
  -1.07443903E-08
  -1.08697487E-08
  -1.09956044E-08
  -1.11219549E-08
  -1.12487930E-08
  -1.13761187E-08
  -1.15039231E-08
  -1.16322063E-08
  -1.17609602E-08
  -1.18901866E-08
  -1.20198713E-08
  -1.21500197E-08
  -1.22806227E-08
  -1.24116744E-08
  -1.25431772E-08
  -1.26751205E-08
  -1.28075026E-08
  -1.29403208E-08
  -1.30735671E-08
  -1.32072397E-08
  -1.33413360E-08
  -1.34758507E-08
  -1.36107756E-08
  -1.37461109E-08
  -1.38818521E-08
  -1.40179921E-08
  -1.41545282E-08
  -1.42914587E-08
  -1.44287764E-08
  -1.45664778E-08
  -1.47045593E-08
  -1.48430139E-08
  -1.49818415E-08
  -1.51210351E-08
  -1.52605946E-08
  -1.54005093E-08
  -1.55407793E-08
  -1.56813975E-08
  -1.58223639E-08
  -1.59636713E-08
  -1.61053144E-08
  -1.62472915E-08
  -1.63895990E-08
  -1.65322298E-08
  -1.66751803E-08
  -1.68184471E-08
  -1.69620282E-08
  -1.71059149E-08
  -1.72501053E-08
  -1.73945978E-08
  -1.75393815E-08
  -1.76844566E-08
  -1.78298176E-08
  -1.79754647E-08
  -1.81213871E-08
  -1.82675848E-08
  -1.84140525E-08
  -1.85607831E-08
  -1.87077767E-08
  -1.88550260E-08
  -1.90025311E-08
  -1.91502849E-08
  -1.92982803E-08
  -1.94465173E-08
  -1.95949905E-08
  -1.97436947E-08
  -1.98926298E-08
  -2.00417833E-08
  -2.01911590E-08
  -2.03407460E-08
  -2.04905479E-08
  -2.06405524E-08
  -2.07907629E-08
  -2.09411688E-08
  -2.10917683E-08
  -2.12425562E-08
  -2.13935323E-08
  -2.15446860E-08
  -2.16960192E-08
  -2.18475229E-08
  -2.19991989E-08
  -2.21510383E-08
  -2.23030341E-08
  -2.24551844E-08
  -2.26074910E-08
  -2.27599450E-08
  -2.29125394E-08
  -2.30652706E-08
  -2.32181403E-08
  -2.33711397E-08
  -2.35242616E-08
  -2.36775080E-08
  -2.38308786E-08
  -2.39843558E-08
  -2.41379396E-08
  -2.42916336E-08
  -2.44454270E-08
  -2.45993164E-08
  -2.47532981E-08
  -2.49073651E-08
  -2.50615191E-08
  -2.52157548E-08
  -2.53700598E-08
  -2.55244430E-08
  -2.56788901E-08
  -2.58333994E-08
  -2.59879656E-08
  -2.61425868E-08
  -2.62972613E-08
  -2.64519819E-08
  -2.66067399E-08
  -2.67615352E-08
  -2.69163678E-08
  -2.70712288E-08
  -2.72261147E-08
  -2.73810166E-08
  -2.75359380E-08
  -2.76908754E-08
  -2.78458181E-08
  -2.80007590E-08
  -2.81557071E-08
  -2.83106445E-08
  -2.84655748E-08
  -2.86204909E-08
  -2.87753927E-08
  -2.89302680E-08
  -2.90851236E-08
  -2.92399438E-08
  -2.93947302E-08
  -2.95494793E-08
  -2.97041876E-08
  -2.98588461E-08
  -3.00134531E-08
  -3.01680068E-08
  -3.03225001E-08
  -3.04769259E-08
  -3.06312842E-08
  -3.07855750E-08
  -3.09397841E-08
  -3.10939114E-08
  -3.12479571E-08
  -3.14019175E-08
  -3.15557784E-08
  -3.17095470E-08
  -3.18632090E-08
  -3.20167644E-08
  -3.21702132E-08
  -3.23235447E-08
  -3.24767555E-08
  -3.26298419E-08
  -3.27828076E-08
  -3.29356382E-08
  -3.30883339E-08
  -3.32408874E-08
  -3.33932988E-08
  -3.35455610E-08
  -3.36976704E-08
  -3.38496235E-08
  -3.40014168E-08
  -3.41530395E-08
  -3.43044952E-08
  -3.44557805E-08
  -3.46068845E-08
  -3.47578109E-08
  -3.49085454E-08
  -3.50590881E-08
  -3.52094389E-08
  -3.53595944E-08
  -3.55095402E-08
  -3.56592835E-08
  -3.58088172E-08
  -3.59581307E-08
  -3.61072168E-08
  -3.62560861E-08
  -3.64047281E-08
  -3.65531321E-08
  -3.67013051E-08
  -3.68492294E-08
  -3.69969086E-08
  -3.71443427E-08
  -3.72915245E-08
  -3.74384435E-08
  -3.75851030E-08
  -3.77314890E-08
  -3.78776122E-08
  -3.80234582E-08
  -3.81690271E-08
  -3.83143046E-08
  -3.84592980E-08
  -3.86040000E-08
  -3.87484071E-08
  -3.88925123E-08
  -3.90363155E-08
  -3.91798025E-08
  -3.93229911E-08
  -3.94658457E-08
  -3.96083877E-08
  -3.97505993E-08
  -3.98924840E-08
  -4.00340383E-08
  -4.01752480E-08
  -4.03161096E-08
  -4.04566372E-08
  -4.05968059E-08
  -4.07366159E-08
  -4.08760776E-08
  -4.10151664E-08
  -4.11538892E-08
  -4.12922425E-08
  -4.14302086E-08
  -4.15678052E-08
  -4.17050146E-08
  -4.18418402E-08
  -4.19782644E-08
  -4.21142836E-08
  -4.22499156E-08
  -4.23851354E-08
  -4.25199431E-08
  -4.26543352E-08
  -4.27883116E-08
  -4.29218723E-08
  -4.30549925E-08
  -4.31876934E-08
  -4.33199503E-08
  -4.34517737E-08
  -4.35831460E-08
  -4.37140706E-08
  -4.38445475E-08
  -4.39745627E-08
  -4.41041230E-08
  -4.42332109E-08
  -4.43618369E-08
  -4.44899833E-08
  -4.46176571E-08
  -4.47448407E-08
  -4.48715447E-08
  -4.49977584E-08
  -4.51234676E-08
  -4.52486901E-08
  -4.53734010E-08
  -4.54976075E-08
  -4.56212987E-08
  -4.57444820E-08
  -4.58671359E-08
  -4.59892782E-08
  -4.61108840E-08
  -4.62319534E-08
  -4.63524898E-08
  -4.64724863E-08
  -4.65919321E-08
  -4.67108379E-08
  -4.68291788E-08
  -4.69469725E-08
  -4.70641908E-08
  -4.71808477E-08
  -4.72969326E-08
  -4.74124455E-08
  -4.75273829E-08
  -4.76417341E-08
  -4.77555027E-08
  -4.78686637E-08
  -4.79812421E-08
  -4.80932130E-08
  -4.82045834E-08
  -4.83153428E-08
  -4.84254912E-08
  -4.85350178E-08
  -4.86439262E-08
  -4.87522058E-08
  -4.88598637E-08
  -4.89668750E-08
  -4.90732646E-08
  -4.91789933E-08
  -4.92840861E-08
  -4.93885253E-08
  -4.94923107E-08
  -4.95954353E-08
  -4.96978991E-08
  -4.97996844E-08
  -4.99008088E-08
  -5.00012511E-08
  -5.01010184E-08
  -5.02000930E-08
  -5.02984818E-08
  -5.03961815E-08
  -5.04931812E-08
  -5.05894704E-08
  -5.06850633E-08
  -5.07799527E-08
  -5.08741138E-08
  -5.09675573E-08
  -5.10602831E-08
  -5.11522842E-08
  -5.12435534E-08
  -5.13340765E-08
  -5.14238678E-08
  -5.15129202E-08
  -5.16012122E-08
  -5.16887582E-08
  -5.17755510E-08
  -5.18615764E-08
  -5.19468415E-08
  -5.20313250E-08
  -5.21150483E-08
  -5.21979970E-08
  -5.22801571E-08
  -5.23615213E-08
  -5.24421111E-08
  -5.25218979E-08
  -5.26009032E-08
  -5.26790700E-08
  -5.27564623E-08
  -5.28330304E-08
  -5.29087743E-08
  -5.29837223E-08
  -5.30578177E-08
  -5.31310960E-08
  -5.32035500E-08
  -5.32751443E-08
  -5.33459215E-08
  -5.34158389E-08
  -5.34849178E-08
  -5.35531441E-08
  -5.36204965E-08
  -5.36870033E-08
  -5.37526361E-08
  -5.38173879E-08
  -5.38812728E-08
  -5.39442908E-08
  -5.40064065E-08
  -5.40676552E-08
  -5.41279945E-08
  -5.41874385E-08
  -5.42459873E-08
  -5.43036336E-08
  -5.43603633E-08
  -5.44161978E-08
  -5.44710943E-08
  -5.45250884E-08
  -5.45781376E-08
  -5.46302559E-08
  -5.46814576E-08
  -5.47317214E-08
  -5.47810330E-08
  -5.48293926E-08
  -5.48768071E-08
  -5.49232766E-08
  -5.49687584E-08
  -5.50133095E-08
  -5.50568799E-08
  -5.50994699E-08
  -5.51410864E-08
  -5.51817294E-08
  -5.52213919E-08
  -5.52600596E-08
  -5.52977184E-08
  -5.53343966E-08
  -5.53700801E-08
  -5.54047475E-08
  -5.54384059E-08
  -5.54710482E-08
  -5.55026674E-08
  -5.55332775E-08
  -5.55628574E-08
  -5.55913857E-08
  -5.56189050E-08
  -5.56453585E-08
  -5.56707960E-08
  -5.56951676E-08
  -5.57184947E-08
  -5.57407702E-08
  -5.57619657E-08
  -5.57821096E-08
  -5.58011806E-08
  -5.58191715E-08
  -5.58361108E-08
  -5.58519488E-08
  -5.58667068E-08
  -5.58803634E-08
  -5.58929187E-08
  -5.59044011E-08
  -5.59147679E-08
  -5.59240263E-08
  -5.59321762E-08
  -5.59391964E-08
  -5.59451152E-08
  -5.59498972E-08
  -5.59535636E-08
  -5.59560860E-08
  -5.59574787E-08
  -5.59577202E-08
  -5.59568392E-08
  -5.59547857E-08
  -5.59515954E-08
  -5.59472255E-08
  -5.59417046E-08
  -5.59350184E-08
  -5.59271598E-08
  -5.59181217E-08
  -5.59079183E-08
  -5.58965283E-08
  -5.58839517E-08
  -5.58701601E-08
  -5.58552102E-08
  -5.58390383E-08
  -5.58216584E-08
  -5.58030706E-08
  -5.57832749E-08
  -5.57622570E-08
  -5.57400313E-08
  -5.57165691E-08
  -5.56918849E-08
  -5.56659643E-08
  -5.56387931E-08
  -5.56103856E-08
  -5.55807418E-08
  -5.55498332E-08
  -5.55176882E-08
  -5.54842785E-08
  -5.54495898E-08
  -5.54136506E-08
  -5.53764181E-08
  -5.53379351E-08
  -5.52981447E-08
  -5.52570896E-08
  -5.52147412E-08
  -5.51710997E-08
  -5.51261650E-08
  -5.50799086E-08
  -5.50323591E-08
  -5.49835022E-08
  -5.49333379E-08
  -5.48818377E-08
  -5.48290302E-08
  -5.47748868E-08
  -5.47194219E-08
  -5.46626069E-08
  -5.46044703E-08
  -5.45449694E-08
  -5.44841328E-08
  -5.44219461E-08
  -5.43584093E-08
  -5.42934941E-08
  -5.42272147E-08
  -5.41595853E-08
  -5.40905631E-08
  -5.40201768E-08
  -5.39483835E-08
  -5.38752261E-08
  -5.38006759E-08
  -5.37247331E-08
  -5.36473976E-08
  -5.35686411E-08
  -5.34884919E-08
  -5.34069358E-08
  -5.33239444E-08
  -5.32395461E-08
  -5.31537125E-08
  -5.30664579E-08
  -5.29777822E-08
  -5.28876569E-08
  -5.27960964E-08
  -5.27030863E-08
  -5.26086126E-08
  -5.25127035E-08
  -5.24153450E-08
  -5.23165085E-08
  -5.22162082E-08
  -5.21144443E-08
  -5.20111882E-08
  -5.19064685E-08
  -5.18002707E-08
  -5.16925667E-08
  -5.15833847E-08
  -5.14727105E-08
  -5.13605301E-08
  -5.12468432E-08
  -5.11316500E-08
  -5.10149505E-08
  -5.08967162E-08
  -5.07769755E-08
  -5.06556859E-08
  -5.05329041E-08
  -5.04085591E-08
  -5.02826936E-08
  -5.01552790E-08
  -5.00263297E-08
  -4.98958030E-08
  -4.97637416E-08
  -4.96301169E-08
  -4.94949290E-08
  -4.93581638E-08
  -4.92198495E-08
  -4.90799437E-08
  -4.89384462E-08
  -4.87953713E-08
  -4.86507048E-08
  -4.85044751E-08
  -4.83566112E-08
  -4.82071698E-08
  -4.80561226E-08
  -4.79034412E-08
  -4.77491540E-08
  -4.75932467E-08
  -4.74357478E-08
  -4.72765862E-08
  -4.71158188E-08
  -4.69534029E-08
  -4.67893386E-08
  -4.66236258E-08
  -4.64562788E-08
  -4.62872976E-08
  -4.61166394E-08
  -4.59443186E-08
  -4.57703493E-08
  -4.55946747E-08
  -4.54173801E-08
  -4.52383659E-08
  -4.50576891E-08
  -4.48753212E-08
  -4.46912622E-08
  -4.45055122E-08
  -4.43180568E-08
  -4.41289103E-08
  -4.39380727E-08
  -4.37454730E-08
  -4.35511964E-08
  -4.33551577E-08
  -4.31574421E-08
  -4.29580069E-08
  -4.27567954E-08
  -4.25538786E-08
  -4.23491997E-08
  -4.21427870E-08
  -4.19346122E-08
  -4.17247037E-08
  -4.15130188E-08
  -4.12995860E-08
  -4.10843768E-08
  -4.08674197E-08
  -4.06486720E-08
  -4.04281337E-08
  -4.02058049E-08
  -3.99817282E-08
  -3.97558324E-08
  -3.95281461E-08
  -3.92986408E-08
  -3.90673733E-08
  -3.88342585E-08
  -3.85993530E-08
  -3.83626571E-08
  -3.81241136E-08
  -3.78837228E-08
  -3.76414846E-08
  -3.73974558E-08
  -3.71516080E-08
  -3.69038844E-08
  -3.66543418E-08
  -3.64028949E-08
  -3.61496575E-08
  -3.58944874E-08
  -3.56374983E-08
  -3.53786618E-08
  -3.51179210E-08
  -3.48553044E-08
  -3.45908120E-08
  -3.43244437E-08
  -3.40561996E-08
  -3.37860513E-08
  -3.35139703E-08
  -3.32400134E-08
  -3.29641523E-08
  -3.26863869E-08
  -3.24067173E-08
  -3.21251150E-08
  -3.18415800E-08
  -3.15561692E-08
  -3.12687405E-08
  -3.09794643E-08
  -3.06881702E-08
  -3.03949719E-08
  -3.00998124E-08
  -2.98027487E-08
  -2.95036671E-08
  -2.92026812E-08
  -2.88996773E-08
  -2.85947408E-08
  -2.82878148E-08
  -2.79788992E-08
  -2.76680225E-08
  -2.73551564E-08
  -2.70403007E-08
  -2.67234554E-08
  -2.64045923E-08
  -2.60837112E-08
  -2.57608974E-08
  -2.54360089E-08
  -2.51091308E-08
  -2.47802063E-08
  -2.44492924E-08
  -2.41163320E-08
  -2.37813538E-08
  -2.34443007E-08
  -2.31052582E-08
  -2.27641124E-08
  -2.24209771E-08
  -2.20757386E-08
  -2.17284821E-08
  -2.13791225E-08
  -2.10277449E-08
  -2.06742641E-08
  -2.03187085E-08
  -1.99610781E-08
  -1.96014014E-08
  -1.92395930E-08
  -1.88757099E-08
  -1.85097235E-08
  -1.81416056E-08
  -1.77714696E-08
  -1.73991452E-08
  -1.70247461E-08
  -1.66481868E-08
  -1.62695812E-08
  -1.58887872E-08
  -1.55059183E-08
  -1.51208610E-08
  -1.47336721E-08
  -1.43443515E-08
  -1.39529277E-08
  -1.35593154E-08
  -1.31635431E-08
  -1.27656108E-08
  -1.23655184E-08
  -1.19632659E-08
  -1.15588250E-08
  -1.11522240E-08
  -1.07434630E-08
  -1.03324851E-08
  -9.91931870E-09
  -9.50396384E-09
  -9.08644893E-09
  -8.66666028E-09
  -8.24471158E-09
  -7.82054599E-09
  -7.39416350E-09
  -6.96556413E-09
  -6.53474785E-09
  -6.10174311E-09
  -5.66643621E-09
  -5.22891241E-09
  -4.78920015E-09
  -4.34718572E-09
  -3.90295440E-09
  -3.45647777E-09
  -3.00772740E-09
  -2.55670329E-09
  -2.10343387E-09
  -1.64786229E-09
  -1.19007382E-09
  -7.29954763E-10
  -2.67590394E-10
   1.97076133E-10
   6.64016397E-10
   1.13328724E-09
   1.60483182E-09
   2.07865014E-09
   2.55479904E-09
   3.03327852E-09
   3.51406015E-09
   3.99717237E-09
   4.48258675E-09
   4.97033170E-09
   5.46043566E-09
   5.95284178E-09
   6.44760689E-09
   6.94470259E-09
   7.44415729E-09
   7.94599941E-09
   8.45014370E-09
   8.95661856E-09
   9.46553769E-09
   9.97681582E-09
   1.04904814E-08
   1.10064775E-08
   1.15248611E-08
   1.20456605E-08
   1.25688757E-08
   1.30943931E-08
   1.36223832E-08
   1.41527892E-08
   1.46855541E-08
   1.52207349E-08
   1.57583600E-08
   1.62983724E-08
   1.68408576E-08
   1.73857870E-08
   1.79330755E-08
   1.84828082E-08
   1.90350704E-08
   1.95897201E-08
   2.01467856E-08
   2.07063238E-08
   2.12683915E-08
   2.18328466E-08
   2.23997461E-08
   2.29692034E-08
   2.35411051E-08
   2.41155078E-08
   2.46923264E-08
   2.52717030E-08
   2.58535238E-08
   2.64378741E-08
   2.70246687E-08
   2.76140213E-08
   2.82058750E-08
   2.88002582E-08
   2.93971141E-08
   2.99965279E-08
   3.05984713E-08
   3.12029442E-08
   3.18099751E-08
   3.24194502E-08
   3.30315402E-08
   3.36461881E-08
   3.42634223E-08
   3.48830724E-08
   3.55053942E-08
   3.61302739E-08
   3.67576831E-08
   3.73877072E-08
   3.80202607E-08
   3.86554291E-08
   3.92932122E-08
   3.99335249E-08
   4.05764524E-08
   4.12220231E-08
   4.18701234E-08
   4.25208100E-08
   4.31741398E-08
   4.38301697E-08
   4.44887860E-08
   4.51499602E-08
   4.58137777E-08
   4.64802667E-08
   4.71493706E-08
   4.78211746E-08
   4.84954796E-08
   4.91725700E-08
   4.98522752E-08
   5.05346520E-08
   5.12195584E-08
   5.19073069E-08
   5.25976418E-08
   5.32906768E-08
   5.39862981E-08
   5.46847332E-08
   5.53858683E-08
   5.60895899E-08
   5.67960399E-08
   5.75051899E-08
   5.82170685E-08
   5.89316187E-08
   5.96488690E-08
   6.03689045E-08
   6.10916686E-08
   6.18171043E-08
   6.25452117E-08
   6.32761044E-08
   6.40098392E-08
   6.47461889E-08
   6.54853238E-08
   6.62271873E-08
   6.69718929E-08
   6.77192133E-08
   6.84694328E-08
   6.92223239E-08
   6.99780003E-08
   7.07364620E-08
   7.14978228E-08
   7.22617983E-08
   7.30285592E-08
   7.37982759E-08
   7.45707212E-08
   7.53458380E-08
   7.61239107E-08
   7.69047119E-08
   7.76884121E-08
   7.84748408E-08
   7.92641686E-08
   8.00562816E-08
   8.08512368E-08
   8.16489205E-08
   8.24496169E-08
   8.32530418E-08
   8.40593657E-08
   8.48684749E-08
   8.56804832E-08
   8.64953904E-08
   8.73131967E-08
   8.81338451E-08
   8.89572220E-08
   8.97836117E-08
   9.06128435E-08
   9.14450311E-08
   9.22800041E-08
   9.31179329E-08
   9.39587608E-08
   9.48024876E-08
   9.56489998E-08
   9.64985247E-08
   9.73510623E-08
   9.82063852E-08
   9.90646072E-08
   9.99258987E-08
   1.00790032E-07
   1.01657122E-07
   1.02527110E-07
   1.03400168E-07
   1.04276069E-07
   1.05154925E-07
   1.06036680E-07
   1.06921505E-07
   1.07809285E-07
   1.08700021E-07
   1.09593714E-07
   1.10490305E-07
   1.11390023E-07
   1.12292696E-07
   1.13198325E-07
   1.14106967E-07
   1.15018622E-07
   1.15933290E-07
   1.16850970E-07
   1.17771549E-07
   1.18695255E-07
   1.19621973E-07
   1.20551647E-07
   1.21484391E-07
   1.22420147E-07
   1.23359030E-07
   1.24300925E-07
   1.25245720E-07
   1.26193697E-07
   1.27144745E-07
   1.28098804E-07
   1.29055934E-07
   1.30016190E-07
   1.30979458E-07
   1.31945797E-07
