*NODES
1  -1.0  0.0  
2  -1.0  4.0  
3  5.0  4.0  
4  5.0  0.0  
5  11.0  4.0  
6  11.0  0.0  
7  -1.0  8.0  
8  5.0  8.0  
9  11.0  8.0  
10  -1.0  12.0  
11  5.0  12.0  
*ELEMENTS
1  1  2  1  
2  2  3  1  
3  3  4  1  
4  3  5  1  
5  5  6  1  
6  2  7  1  
7  7  8  1  
8  8  3  1  
9  8  9  1  
10  9  5  1  
11  7  10  1  
12  10  11  1  
13  11  8  1  
*MATERIAL
1  7850.0  21000000.0  1e-05  
*SECTION
1  0.12  0.0016  0.45  1.0  
*BC
1  1  1  1  0  
4  1  1  1  0  
6  1  1  1  0  
*FOR_N
*FOR_I
*FOR_D
2  0.0  -10.0  0.0  
4  0.0  -10.0  0.0  
9  0.0  -10.0  0.0  
7  0.0  -10.0  0.0  
12  0.0  -10.0  0.0  
*FOR_T
*FOR_S
*FOR_F
*PARAMETERS
1  1  0  1e-12  15  1e-06  16  1e-09  1000  1e-09  1000  1000
*END
