*NODES
1  3.0  0.0  
2  3.0  4.0  
3  8.0  4.0  
4  0.0  0.0  
*ELEMENTS
1  1  2  2  
2  2  3  2  
3  4  2  1
*MATERIAL
1  7850  21000000  1e-05  
*SECTION
1  0.9  0.0   0.6  1
2  0.3  0.009  0.6  1
*BC
1  1  1  1  0  
3  0  1  0  0
4  1  1  0  0  
*FOR_N  
*FOR_I
1  0.0  -100.0  0.0  0.5  
*FOR_D
2  0.0  -10.0  0.0 
*FOR_T
1  20.0  20.0  10.0    
2  20.0  10.0  10.0  
3  20.0  10.0  10.0  
*FOR_S  
*FOR_F 
*PARAMETERS
1  1  0  1e-12  15  1e-06  16  1e-09  1000  1e-09  1000  1000
*END
