*NODES
1  -2.0  0.0  
2  3.0  0.0  
3  11.0  0.0  
4  16.0  0.0  
*ELEMENTS
1  1  2  1  
1  2  3  1  
1  3  4  1
*MATERIAL
1  7850  21000000  1e-05  
*SECTION
1  0.18  0.0054  0.5  1
*BC
1  1  1  1  270  
2  0  1  0  0  
3  0  1  0  0  
4  1  1  1  90  
*FOR_N
*FOR_I
2  0.0  -100.0  0.0  0.5  
*FOR_D
1  0.0  -80.0  0.0
3  0.0  -80.0  0.0 
*FOR_T
1  20.0  45.0  32.5  
2  20.0  45.0  32.5  
3  20.0  45.0  32.5  
*FOR_S
*FOR_F
*PARAMETERS
1  1  0  1e-12  15  1e-06  16  1e-09  1000  1e-09  1000  1000
*END
