*NODES
1  -2.0  0.0  
2  3.0  0.0  
3  7.0  3.0  
4  11.0  0.0  
5  16.0  0.0  
*ELEMENTS
1  1  2  1  
2  2  3  1  
3  3  4  1  
4  4  5  1  
*MATERIAL
1  7850.0  21000000.0  0.0  
*SECTION
1  0.18  0.054  0.0  1.0  
*BC
1  1  1  1  270  
2  0  1  0  30  
4  0  1  0  -30  
5  1  1  1  90  
*FOR_N
3  0.0  -100.0  0.0  
*FOR_I
*FOR_D
2  -24.0  -32.0  0.0  1.0  
3  24.0  -32.0  0.0  1.0  
*FOR_T
*FOR_S
*FOR_F
*PARAMETERS
1  1  0  1e-12  15  1e-06  16  1e-09  1000  1e-09  1000  1000
*END
