*NODES
1  -7.0  -8.0  
2  -7.0  -5.0  
3  -2.0  -5.0  
4  -2.0  -8.0  
5  3.0  -5.0  
6  3.0  -8.0  
7  8.0  -5.0  
8  8.0  -8.0  
9  13.0  -5.0  
10  13.0  -8.0  
11  18.0  -5.0  
12  18.0  -8.0  
13  -7.0  -2.0  
14  -2.0  -2.0  
15  3.0  -2.0  
16  8.0  -2.0  
17  13.0  -2.0  
18  18.0  -2.0  
19  -7.0  1.0  
20  -2.0  1.0  
21  3.0  1.0  
22  8.0  1.0  
23  13.0  1.0  
24  18.0  1.0  
25  -7.0  4.0  
26  -2.0  4.0  
27  3.0  4.0  
28  8.0  4.0  
29  13.0  4.0  
30  18.0  4.0  
31  -7.0  7.0  
32  -2.0  7.0  
33  3.0  7.0  
34  8.0  7.0  
35  13.0  7.0  
36  18.0  7.0  
37  -7.0  10.0  
38  -2.0  10.0  
39  3.0  10.0  
40  8.0  10.0  
41  13.0  10.0  
42  18.0  10.0  
43  -7.0  13.0  
44  -2.0  13.0  
45  3.0  13.0  
46  8.0  13.0  
47  13.0  13.0  
48  18.0  13.0  
*ELEMENTS
1  1  2  1  
2  2  3  1  
3  3  4  1  
4  3  5  1  
5  5  6  1  
6  5  7  1  
7  7  8  1  
8  7  9  1  
9  9  10  1  
10  9  11  1  
11  11  12  1  
12  2  13  1  
13  13  14  1  
14  14  3  1  
15  14  15  1  
16  15  5  1  
17  15  16  1  
18  16  7  1  
19  16  17  1  
20  17  9  1  
21  17  18  1  
22  18  11  1  
23  13  19  1  
24  19  20  1  
25  20  14  1  
26  20  21  1  
27  21  15  1  
28  21  22  1  
29  22  16  1  
30  22  23  1  
31  23  17  1  
32  23  24  1  
33  24  18  1  
34  19  25  1  
35  25  26  1  
36  26  20  1  
37  26  27  1  
38  27  21  1  
39  27  28  1  
40  28  22  1  
41  28  29  1  
42  29  23  1  
43  29  30  1  
44  30  24  1  
45  25  31  1  
46  31  32  1  
47  32  26  1  
48  32  33  1  
49  33  27  1  
50  33  34  1  
51  34  28  1  
52  34  35  1  
53  35  29  1  
54  35  36  1  
55  36  30  1  
56  31  37  1  
57  37  38  1  
58  38  32  1  
59  38  39  1  
60  39  33  1  
61  39  40  1  
62  40  34  1  
63  40  41  1  
64  41  35  1  
65  41  42  1  
66  42  36  1  
67  37  43  1  
68  43  44  1  
69  44  38  1  
70  44  45  1  
71  45  39  1  
72  45  46  1  
73  46  40  1  
74  46  47  1  
75  47  41  1  
76  47  48  1  
77  48  42  1  
*MATERIAL
1  7850.0  21000000.0  1e-05  
*SECTION
1  0.12  0.0016  0.45  1.0  
*BC
1  1  1  1  0  
4  1  1  1  0  
6  1  1  1  0  
8  1  1  1  0  
10  1  1  1  0  
12  1  1  1  0  
*FOR_N
*FOR_I
*FOR_D
2  0.0  -10.0  0.0  
4  0.0  -10.0  0.0  
6  0.0  -10.0  0.0  
8  0.0  -10.0  0.0  
10  0.0  -10.0  0.0  
13  0.0  -10.0  0.0  
15  0.0  -10.0  0.0  
17  0.0  -10.0  0.0  
19  0.0  -10.0  0.0  
21  0.0  -10.0  0.0  
24  0.0  -10.0  0.0  
26  0.0  -10.0  0.0  
28  0.0  -10.0  0.0  
30  0.0  -10.0  0.0  
32  0.0  -10.0  0.0  
35  0.0  -10.0  0.0  
37  0.0  -10.0  0.0  
39  0.0  -10.0  0.0  
41  0.0  -10.0  0.0  
43  0.0  -10.0  0.0  
46  0.0  -10.0  0.0  
48  0.0  -10.0  0.0  
50  0.0  -10.0  0.0  
52  0.0  -10.0  0.0  
54  0.0  -10.0  0.0  
57  0.0  -10.0  0.0  
59  0.0  -10.0  0.0  
61  0.0  -10.0  0.0  
63  0.0  -10.0  0.0  
65  0.0  -10.0  0.0  
68  0.0  -10.0  0.0  
70  0.0  -10.0  0.0  
72  0.0  -10.0  0.0  
74  0.0  -10.0  0.0  
76  0.0  -10.0  0.0  
*FOR_T
*FOR_S
*FOR_F
*PARAMETERS
1  1  0  1e-12  15  1e-06  16  1e-09  1000  1e-09  1000  100
*END
